750
-192
-373
115
-29
-858
58
-236
330
-518
831
-998
965
-220
917
958
413
555
915
-441
654
-575
-825
175
-980
13
388
-454
515
-555
85
345
-355
-169
-347
-271
935
279
901
233
78
-835
-568
-830
-426
-921
-950
364
-882
-308
-784
-444
170
230
671
-276
467
-595
-59
175
129
135
-54
-338
176
-446
-636
-125
-883
-115
-821
917
-631
328
345
-7
369
288
161
904
448
366
67
819
619
-650
940
-686
-132
932
438
-717
-376
-23
192
82
126
691
-136
-886
162
-492
-292
790
-449
-122
325
691
-179
-926
994
-462
72
368
-347
696
-799
-603
728
985
580
-255
896
828
-7
258
-309
-377
265
-144
-65
-424
-947
380
-734
-810
-365
972
-161
-752
859
-989
-902
129
-44
883
-663
-739
-48
656
31
-106
475
253
186
300
56
545
104
-305
-781
51
129
132
57
732
-101
746
-514
-633
487
335
598
50
709
-721
-686
-588
571
292
754
-212
-458
615
-706
-517
432
391
302
-33
433
-879
-960
0
-701
79
-381
-240
-404
-700
702
871
769
917
668
648
681
15
38
-368
-784
802
-220
-869
-922
933
640
-271
871
-529
764
625
-695
220
-315
33
662
644
-168
352
250
-656
-751
144
579
136
-443
606
328
-153
-238
299
445
576
-800
-667
804
-646
-6
-861
-831
879
-205
-937
-531
-32
914
-286
92
-497
374
916
178
-341
400
192
641
458
-111
-25
504
970
-213
812
-52
334
238
-707
592
-747
-732
-34
-72
42
-199
-368
-489
360
-443
391
-485
-366
-634
-579
252
581
-318
474
-118
163
-624
-16
795
-93
620
-666
-312
307
747
-938
-637
737
-55
999
-551
658
-495
227
-59
-898
854
-134
965
-926
415
745
185
-992
174
-675
-348
-993
802
963
-83
-68
424
-199
-746
-360
-228
-293
-217
642
773
682
794
-464
497
-270
532
-250
-715
-604
91
244
732
266
67
-529
275
396
-145
-178
-818
697
860
396
-915
16
-391
-14
51
679
-607
-136
724
577
57
-419
-751
-52
-544
378
-752
904
-206
360
530
982
136
-447
812
151
-968
208
-177
976
-312
789
320
-305
-121
-135
528
379
733
-76
-55
415
-114
-698
-179
-579
89
377
-399
-848
-55
137
-1
905
-209
581
-486
-64
831
907
933
981
666
972
302
-463
-671
-259
552
817
-357
794
114
837
-344
-587
250
-471
-760
71
-955
551
200
-501
-579
-90
-556
-752
669
-792
345
954
561
441
-71
827
-214
133
894
838
59
1
-898
624
-468
-100
54
713
843
-133
492
-131
777
-188
-565
967
-802
-310
697
453
849
844
458
-987
73
144
690
-700
349
-426
-504
915
566
-774
-97
404
-581
-584
936
-40
-822
-467
542
-878
541
646
993
-344
-221
411
584
-786
240
-943
-577
787
-393
581
459
965
961
982
-10
-737
370
-891
479
-220
-609
-832
725
-136
-523
-670
-139
-93
-593
627
-198
-407
-259
-566
-938
611
324
399
451
301
878
-787
-265
792
824
-709
-340
911
320
69
479
692
-203
-808
-949
-299
269
-692
-40
909
986
505
-719
-45
476
158
476
-855
-397
132
-646
968
-351
-157
892
-804
-9
794
-500
341
642
-799
-514
-942
647
-992
797
482
7
224
-411
-347
-614
550
778
793
470
-4
569
-706
694
849
700
346
509
879
27
647
360
136
848
-36
-668
-941
520
958
371
-174
794
-4
303
847
29
-526
-842
-843
-436
822
-229
-672
375
-841
-223
-748
607
-532
607
-620
542
768
499
-154
-378
-327
374
-549
475
827
-421
-659
-793
498
802
785
490
605
-686
121
-222
-440
43
586
219
-105
-279
703
-534
-482
-574
-80
411
-807
769
-764
493
-227
188
-505
-168
-908
-794
-857
-561
885
-536
469
-811
-342
-200
-421
762
-719
-970
-812
666
71
-585
-568
35
-360
-301
298
-674
523
445
-25
-795
423
910
751
473
895
-955
-177
157
115
791
-898
-477
-321
745
-768
698
-733
-347
123
263
-402
649
-134
-486
-553
158
-68
-632
947
-371
640
611
738
727
-437
509
-329
-451
808
-74
-335
322
489
-542
845
-22
446
621
674
17
-619
415
352
-723
175
53
-778
390
-519
846
-676
754
-332
-766
-936
154
-732
-467
-975
811
587
945
471
946
-79
-521
702
-743
-97
453
-122
823
-491
219
-84
-332
375
893
-840
-635
293
-355
617
-574
-701
517
77
-592
-610
-914
-753
234
879
-692
-926
594
525
509
-324
-834
605
872
-854
-103
-681
-99
379
-325
101
644
-587
-961
-820
-967
162
-691
184
443
-775
-383
961
-781
54
491
-924
740
-744
-439
-857
849
933
942
419
253
-209
-15
860
-62
849
164
191
861
315
-726
771
-464
742
325
-225
917
-259
567
-496
-763
-144
-574
-682
748
-337
299
-882
-338
376
-814
29
-889
-142
981
477
-496
58
-985
118
-739
814
-523
368
-67
-377
339
947
-986
-302
-838
-321
-518
218
950
181
666
-829
484
-855
533
405
728
261
112
-931
-641
-566
559
977
-681
478
-816
348
521
-828
989
402
-659
406
-622
-967
-415
-344
761
843
232
388
560
342
-800
-329
33
-992
-648
269
-917
113
-833
-24
906
988
-688
-411
116
851
-86
9
393
351
-725
-298
-267
-792
448
883
-38
-885
-460
-518
849