157
909
973
-669
634
-924
909
-654
-926
121
770
-966
798
311
-81
271
928
-489
808
488
853
872
-501
-740
294
-846
241
-10
-599
436
-918
908
726
-627
-398
963
182
246
-603
988
-292
970
645
-978
-344
-746
840
630
-916
980
657
804
333
-637
955
18
-716
-673
226
-693
508
297
794
527
408
674
-167
953
65
998
-762
208
-770
-411
-194
-769
242
675
285
533
-873
-978
-739
-301
711
-861
851
792
327
357
-369
-510
-389
8
-245
-54
-414
-594
572
998
599
885
-628
14
-596
849
-686
979
528
986
773
-539
-702
494
757
763
-983
-169
-926
328
845
-946
555
411
-527
-556
-238
-436
14
-113
497
68
-191
-440
76
385
593
-645
532
113
-267
23
-985
-880
-618
612
-776
-495
-199
180
668
196
254
418
27
274
710
-66
715
350
703
-653
455
645
448
-851
-696
-912
-604
-747
729
108
758
178
2
520
195
-655
-521
-937
84
796
534
200
450
839
1
-802
856
-252
510
670
268
-861
547
-516
-540
332
-589
-202
775
-98
670
-688
286
31
-352
365
-268
-594
454
473
934
634
225
-525
-435
243
394
731
995
-197
703
958
-34
-434
-249
103
-195
491
-40
436
313
-258
260
292
-475
710
-4
945
639
923
393
25
426
148
226
-487
943
-847
514
646
-721
-507
732
-116
121
727
185
-294
722
784
-169
226
-898
-921
-852
686
-310
419
166
995
-488
-780
567
-128
-267
-310
-290
-481
-630
-260
374
370
-929
334
749
-942
-698
-259
184
224
-707
-308
292
372
445
218
66
-573
492
-572
34
-584
-198
470
805
783
-129
0
644
-539
-977
596
-467
-995
316
111
-222
120
-269
676
-962
-114
218
-683
877
-641
918
994
84
206
-403
734
857
104
-350
-495
520
-749
-814
-998
-375
-977
-588
29
972
-89
-163
911
115
212
-370
-847
-846
-928
-542
636
132
-750
364
251
552
-386
548
-722
759
486
475
944
-367
806
918
-840
318
-907
-293
897
-668
188
199
157
467
212
142
-391
-812
907
-974
-764
130
86
927
6
932
-282
279
710
-423
-827
999
436
90
340
785
863
736
-992
-462
80
495
-742
417
-551
94
493
24
285
631
-989
196
16
-321
-882
-568
964
133
660
-76
-298
-759
-270
74
374
-195
-242
289
-69
120
753
-771
255
520
-151
-737
-593
-865
124
342
9
497
209
953
806
-555
-84
4
63
36
982
-117
162
776
-908
-820
-638
-95
-977
-771
226
162
-258
-439
172
-621
-871
-927
-430
261
-714
177
-164
985
-326
766
322
141
341
-589
-760
853
508
359
-624
-691
-789
-728
376
841
-70
558
-615
576
-7
366
216
156
80
-539
635
-254
-899
529
-307
858
806
-103
-684
709
-200
686
-307
585
585
47
-981
757
-376
-464
-542
640
716
-304
-34
-52
-608
540
-329
927
715
-655
100
-51
-510
788
-667
-681
-752
-118
-91
241
-632
10
650
-10
839
344
-443
-695
220
659
-50
-961
523
-1000
-492
-424
820
-441
-745
-926
857
-251
646
11
-198
364
650
929
-164
-857
-819
27
416
-61
514
-49
969
789
-473
-712
-298
855
106
719
-12
-946
207
21
-380
-680
-123
842
180
439
-63
-231
-216
-897
-107
506
-501
295
973
353
-510
-524
920
-652
-636
773
-86
-651
-290
847
194
-295
922
-597
-401
508
400
-778
-636
4
126
942
-512
-519
-411
641
133
-612
319
971
402
-497
839
-288
-582
-304
-693
940
929
-288
729
295
318
-408
70
37
829
838
156
891
769
900
742
-802
38
528
118
531
102
-258
-36
-945
-339
-122
-777
-212
-666
-415
-964
853
908
991
282
-565
558
640
998
769
-439
-100
757
812
-363
201
-952
-691
-233
-67
-659
-684
-393
52
-746
-862
-41
-426
621
289
46
952
-153
-449
-550
-623
431
583
444
-563
-294
-46
-815
726
-335
-761
-840
-169
369
719
819
919
247
-308
-38
-15
-77
-935
-119
429
-488
233
-389
532
739
908
-917
-157
-163
-924
726
-443
-761
-924
482
184
542
687
-983
47
-413
-308
-132
-135
-796
-802
-329
-47
227
774
-137
220
-688
-485
-98
83
-733
-941
-332
506
691
-459
909
60
905
691
-593
-18
528
737
-172
952
934
446
460
486
239
-208
-11
216
-108
-949
-8
-985
-81
199
-191
-534
-558
-289
255
-845
575
-602
489
723
531
412
-114
241
689
986
843
617
-32
759
185
580
-624
-320
-356
-541
-57
417
492
-934
-50
671
487
265
-900
280
3
642
99
-854
469
-581
327
-826
452
346
654
-639
-263
977
-420
-349
-769
596
-441
893
-864
516
-454
47
54
-149
46
786
823
391
630
177
-383
639
39
373
-510
-917
-757
-405
894
367
158
-483
578
-444
504
-616
-204
-454
851
-785
-811
750
321
978
241
-364
-265
926
323
-957
391
-87
893
-288
499
433
-154
-382
244
-751
323
-454
756
-646
-604
-527
184
987
503
-38
-631
-878
569
711
-905
-469
910
148
247
-330
-573
853
771
294
-115
-211
-962
443
-820
-152
957
-849
432
981
959
520
-545
770
818
-782
-952
51
-129
-892
826
-54
117
-905
-650
-98
-122
969
160
612
240
92
484
-635
615
605
-614
818
190
923
266
-188
-624
785
-138
956
859
-237
355
-719
-545
-197
-406
50
-141
-747
748
969
-898
-658
733
201
-483
-628
-186
104
501
-722
-96
-325
145
-307
-443
53
986
551
-733
-135
-330
317
-206
-669
639
-161
-986
-910
304
556
212
157
-753
601
-206
756
67
-575
736
-589
757
-121
594
-467
-180
-391
-958
891
-220
0
-314
943
216
-33
516
-874
-633
-861
173
731
-621
880
978
-294
-609
574
426
943
-949
-661
-333
-220
-925
949
427
-948
325
460
758
-569
-511
-65
257
224
519
281
966
-415
-107
903
-214
-409
-827
759
-104
417
785
608
-477
-584
-978
445
855
148
-367
-477
413
-982
-876
135
283
30
744
-747
441
902
30
-687
299
-65
936
628
-282
-308
-526
-250
-35
-514
-58
414
651
245
-481
1000
313
543
817
-703
-484
194
-776
384
728
-92
727
-414
-842
-914
63
-18
-454
861
111
-933
631
557
723
580
-413
229
980
-674
-366
893
-149
-708
916
288
361
222
-555
-135
908
-575
-630
351
149
-270
-978
-753
422
295
-996
458
-486
-299
251
-527
769
-670
-862
90
-80
-805
-895
-943
-897
-211
544
-488
686
-522
742
-712
-603
695
891
192
-694
-496
-596
-684
856
-987
-327
-281
483
-93
-771
-456
359
-624
926
724
-460
38
-606
30
-553
127
306
168
237
139
63
-580
55
315
980
-546
-985
-399
626
623
-466
-645
329
-395
196
-885
-757
517
420
-739
-448
103
475
596
199
-990
-677
-838
849
317
970
698
-401
-933
-933
-128
759
-47
844
537
-75
51
-273
-302
875
667
616
-61
-797
-338
-576
-740
747
-419
393
-950
-272
52
282
-710
-603
3
-735
894
161
-463
922
-454
-394
-307
981
-392
-887
428
-277
758
-851
-992
82
85
-529
-414
537
-162
760
-621
-11
-675
607
491
-747
-852
-827
-815
-271
362
386
-765
299
-563
8
53
-525
-321
723
-210
-923
-735
-129
604
-309
870
-518
-317
692
563
858
-452
549
-996
-99
-106
-826
-542
-512
344
93
-593
667
-579
437
27
141
617
629
-326
-439
912
306
-754
-952
-770
-278
-129
114
309
-274
200
-251
223
904
-827
521
-107
-929
-123
-655
249
-286
300
-647
246
586
7
475
-648
747
-576
-760
-294
-54
86
362
554
-335
-341
-294
-917
-689
929
605
190
-806
-172
-441
-344
192
-867
-729
-372
946
-969
-428
-337
-939
-451
9
814
-341
409
-249
808
2
-464
-183
-434
655
904
750
-877
-503
778
731
-304
370
804
520
-762
709
920
483
889
-873
-575
-351
939
-88
47
318
-845
-511
-886
-709
14
503
-282
678
543
820
877
-632
-443
31
430
352
-148
-680
-184
-18
414
-698
-709
-319
930
-922
933
452
-641
-309
491
833
85
-703
941
-47
-256
247
-316
716
402
-901
449
718
794
-889
-18
-366
351
-653
-39
142
705
143
381
-211
337
649
-358
716
-688
-148
937
-722
574
435
210
-31
-584
-507
-12
-956
-389
-442
-607
611
860
-292
553
539
-255
-486
801
-424
-893
-327
-297
-157
522
-820
600
-702
-396
247
235
-253
285
147
-673
-227
-913
-669
967
583
-509
62
463
197
687
391
704
608
137
746
-330
-72
583
-661
85
130
-405
-613
-485
-189
918
605
-391
404
706
-393
-460
509
-527
425
-851
-981
911
268
-661
-262
-669
-298
902
334
295
-788
558
-83
620
-808
276
-162
876
887
-876
-713
-278
-569
253
-982
736
130
291
661
808
976
487
-783
924
-785
118
484
-242
380
-422
127
-433
844
-511
702
303
-209
-737
894
422
-327
659
-753
450
769
-140
-62
-419
-955
-292
680
956
720
-747
-988
-367
-373
-498
-364
277
-942
-498
817
-708
439
-250
-548
-882
-99
282
816
-336
544
-620
-966
-771
-929
345
-443
-560
-517
-384
-705
-614
437
-414
394
993
-774
408
-295
-405
-787
-899
697
-7
-831
-310
631
-94
-745
-224
-358
108
452
526
-627
923
845
834
515
-714
595
-516
178
-47
684
249
-408
168
-754
-616
844
-898
693
771
797
-167
-891
-180
85
-962
-289
880
-775
-742
243
528
-114
295
-496
-315
352
761
-931
-875
-796
379
499
362
541
-518
-476
-493
-944
-993
26
503
569
-594
878
-851
350
701
299
-788
-717
648
357
919
-180
707
-752
53
-409
-623
-136
462
229
448
20
-226
747
23
-458
250
-149
-32
39
-178
-654
796
-694
-379
9
-627
-640
-380
993
-796
-23
895
195
313
-91
248
-848
987
671
930
130
-992
-626
-593
-794
-424
445
580
360
666
102
-594
-609
166
-26
391
241
-348
873
938
640
180
-417
676
-719
-758
-425
-993
-106
542
571
-500
-76
40
127
-43
75
37
-43
-201
-796
-649
572
333
-553
-461
-43
-479
-855
530
-766
613
360
-378
534
687
194
854
-428
-355
-313
-871
-246
359
-957
-519
872
-260
-810
-847
757
269
-387
341
-782
611
294
287
967
-116
-807
764
-673
234
-6
793
778
-56
951
692
-321
305
99
686
-414
178
218
-768
-166
641
841
59
220
-890
133
154
-595
293
879
899
-442
192
-422
607
-356
-210
-322
448
-194
-91
834
447
930
-899
961
-491
-914
-890
-363
-992
-61
-691
-132
-801
-476
-357
-375
-552
-922
-350
999
-51
981
-369
533
216
372
972
-186
-487
-964
-570
-27
79
-595
342
438
942
413
286
-663
773
65
-380
-514
247
437
-646
-694
-374
-911
-288
692
359
-908
-301
400
-968
-9
315
585
249
240
-614
-338
-258
206
-796
-640
-994
36
-558
-855
-932
-8
693
71
-10
535
914
-911
723
-364
-897
705
74
733
-469
-145
-209
-268
-386
-324
-509
-459
-534
833
358
295
-370
983
-413
-181
175
543
-13
-801
100
510
-20
48
981
-938
-703
8
923
-345
-516
-876
-546
-67
953
-770
-456
971
-768
145
108
734
575
-82
665
335
361
785
697
155
-846
407
885
123
740
-269
-227
499
748
188
-669
-651
262
-997
-977
819
-539
968
-674
-156
-776
10
455
-176
505
645
-216
-70
691
-393
675
569
570
718
738
428
756
840
33
120
-59
135
-995
884
-810
-124
-87
614
-816
194
-636
-149
-33
-944
659
116
-548
547
-799
743
643
816
-742
363
-493
-143
-912
-63
607
-846
608
698
331
-47
836
836
-269
645
-969
-314
547
-79
-807
-273
-490
-724
86
-848
-814
-573
-679
-100
-515
512
867
-938
210
-749
-823
616
-898
-73
676
-411
522
-286
339
-865
406
-237
-449
31
765
-644
378
-218
-483
-989
-342
-246
215
-465
-974
-611
-741
291
454
-746
543
-908
-553
-657
-974
901
947
410
-445
-502
-16
135
513
682
-904
69
-863
322
1
-357
-424
-9
403
520
-235
906
904
-426
-796
744
575
681
-963
-530
-507
-502
-642
195
78
349
-180
-330
321
-653
-990
-137
-834
385
-806
-168
-875
-758
717
-566
-664
-355
-550
-171
-106
-487
570
234
-627
-804
-34
-563
-550
495
94
-186
889
-213
-301
433
409
837
-449
-844
373
966
-452
-504
989
469
-40
400
146
-658
816
-494
829
-435
907
438
770
160
-400
142
-58
605
-219
-234
974
41
-493
-994
-774
-397
136
446
151
-931
-933
-933
-352
-619
900
691
-334
-857
-540
922
-561
-45
72
166
671
717
-451
-884
-245
-220
860
782
355
-454
969
-322
-389
-584
-817
914
874
-348
-208
55
-680
-902
-529
-605
-665
597
-752
-313
-168
133
-40
431
-260
953
689
-579
-125
-406
-810
656
344
-641
-704
267
801
-825
-476
-1
530
-250
152
-894
677
-306
-830
272
-149
269
494
820
-543
808
137
-770
987
50
-777
-411
175
802
167
858
-163
-455
817
-690
396
955
667
-483
663
-145
524
-207
-217
549
-385
91
830
-215
180
576
72
-961
-835
51
-324
754
193
-912
586
-972
736
881
-696
624
-552
216
-62
-994
704
-259
-275
-922
450
-295
353
336
-935
495
831
-617
900
-436
-978
215
943
276
997
-731
408
415
458
611
-786
-789
-919
544
369
-764
814
36
-232
-755
566
47
-326
635
-57
-981
965
-538
127
653
-204
438
-193
599
-533
-367
959
453
-889
-592
666
777
954
-883
-535
-643
632
400
722
242
-611
-301
91
-327
516
-588
63
-843
-684
-781
836
499
-608
197
191
552
360
525
424
57
-19
-762
756
-4
364
856
-679
139
100
-585
44
-322
-836
-541
-309
75
-904
236
998
-283
842
706
964
-573
739
236
-491
-171
667
-943
-996
-827
-409
-286
822
231
-56
292
966
-198
258
-681
492
-7
-21
530
295
-178
1
174
212
459
446
-726
508
113
247
572
-731
-839
-215
579
-538
-619
558
-684
-865
244
614
158
-977
720
499
-216
821
-725
99
-334
-648
-319
823
-809
890
327
153
-484
-866
108
-328
-633
494
-832
-579
-593
643
-62
93
2
14
200
-82
-495
548
600
-537
-108
-614
72
-389
690
-823
92
-880
-923
456
-98
-898
374
-189
601
404
632
672
-478
458
-950
-427
709
809
-176
231
-965
-478
-326
-300
-275
-206
-522
62
-473
779
-561
457
-205
-753
-2
274
55
-185
256
859
332
151
580
-917
946
138
379
813
203
-606
-493
-887
-621
351
-27
171
243
-779
-509
338
890
54
317
239
-207
-662
536
504
-532
425
779
819
-135
672
-871
742
-940
790
-160
4
-843
260
-177
-910
-339
-592
406
-391
-842
-996
681
-43
-884
-145
399
-987
-77
-653
-841
-948
527
670
39
-17
215
997
849
-425
-657
-296
770
269
-53
912
763
-17
-132
-140
-675
390
861
980
392
-362
-428
-762
-120
-920
-284
84
605
-577
-786
74
562
-20
725
-551
142
-457
542
-116
-623
-636
-309
-891
503
433
99
278
344
820
-503
-997
-466
-496
-558
-903
-150
696
407
611
957
959
-935
-57
652
-711
419
-337
384
531
-812
214
-516
-560
-814
92
-973
451
-690
-286
-834
-382
-507
-877
-175
-104
-135
-255
795
-49
-214
-559
702
-493
-978
-173
-502
652
536
-12
166
46
-658
508
74
-286
378
-171
687
501
-350
-591
-230
157
437
784
103
-490
-605
506
-856
-45
145
-276
650
63
-804
-979
-281
-705
-981
-989
973
-234
752
688
111
629
62
-546
105
544
-932
898
-831
-972
-553
861
461
-576
-377
-983
135
220
76
-360
945
837
-3
810
912
-639
63
-523
791
426
-130
-185
-606
-755
-436
-988
100
266
685
148
-977
-816
810
-855
-209
320
-122
122
-104
-186
-157
439
216
-829
1
883
112
619
-902
-465
914
483
123
369
-649
-6
684
616
7
750
-945
640
38
-672
-581
276
-104
-857
55
965
114
-679
-183
-519
828
-670
812
109
-631
-520
-231
691
-182
938
-456
-36
496
-763
-209
330
-726
-756
814
-333
-591
-359
478
-427
-423
959
380
745
827
824
290
-705
790
-396
-860
-159
-67
-35
563
324
-892
584
944
374
-161
191
375
-696
352
276
-214
-613
-932
501
-295
-286
-626
-658
-827
340
960
74
-267
-851
-240
-695
-161
833
-167
476
24
-672
831
-713
-581
-524
524
-346
-525
-427
732
667
780
-471
177
-437
184
-710
112
-120
401
86
-271
558
301
-384
411
-722
-95
-684
-399
-282
445
128
193
-583
-881
-514
94
267
966
-310
841
180
480
813
-702
-951
-260
248
291
-905
758
-658
262
-565
-287
-372
570
-372
-956
-97
-710
-435
481
3
-348
520
-169
-518
-137
701
-826
883
940
201
-659
-471
-11
-657
-652
-170
988
273
-564
-366
428
38
-939
989
491
-621
-860
-401
897
273
-589
-222
580
549
812
-432
-937
-912
-851
-507
-712
-796
-853
645
915
222
-939
-394
966
41
-611
-738
-66
-9
835
657
-48
609
-774
-804
695
-257
814
524
-320
150
-833
-379
603
861
602
-414
-625
-542
-383
703
-683
249
-513
942
487
296
-691
-64
-909
982
955
357
-899
-343
-996
-959
-510
-479
-858
850
-877
-346
-687
-752
846
-802
312
887
804
818
-903
144
-877
805
-929
-661
-702
-913
635
-113
390
754
614
500
-663
-851
854
-387
774
49
852
917
-378
-618
288
659
-888
-219
-846
947
937
-310
-846
909
820
640
-934
-598
-695
-800
476
457
962
954
859
-833
-256
-417
-745
267
573
651
-332
-816
344
502
999
703
-723
940
953
47
-505
169
96
544
-723
-608
911
-929
-579
531
735
-183
735
-248
0
-856
-408
-727
-336
-150
-240
402
169
134
-129
-745
7
354
-327
-87
-676
838
613
-775
-529
110
-760
340
-613
881
242
113
371
-68
642
395
778
278
783
-345
220
932
-648
-415
261
694
-89
63
962
404
112
545
102
-441
-725
-467
-316
-120
560
159
-82
-784
467
969
123
-485
-377
-179
-359
-851
-173
-630
967
121
398
-996
-984
-386
-851
-804
-856
-885
304
347
406
405
458
825
-547
31
-777
868
-726
-203
-135
354
774
124
-711
246
-311
741
-23
490
428
870
65
-354
-397
589
-592
-65
-509
-651
-253
-176
-972
-741
-914
287
131
-491
-143
758
517
-9
659
822
-103
-788
197
-765
904
-856
591
805
-18
-13
102
934
-961
-173
-622
786
575
-786
-802
-9
333
-605
-532
761
963
-308
-511
635
-385
452
-531
962
145
-168
797
-200
385
30
-918
872
23
110
-832
110
194
-175
674
-139
955
-25
-830
34
562
-594
-754
-544
-65
539
-432
265
390
720
-355
-109
-220
-463
-575
-140
-212
-949
521
510
870
731
-713
-37
880
-91
-426
910
786
-654
876
-137
-804
-427
83
-827
768
425
83
230
341
-102
478
-102
-534
-27
143
-731
-780
3
-554
-46
-41
-439
381
883
359
282
-617
633
-86
-52
375
628
-671
-771
877
-814
89
-673
-134
-313
-303
-417
494
-803
511
-607
467
-957
544
133
-341
-300
763
177
-930
-378
-250
953
-262
-145
478
-648
587
-154
-859
-83
-940
-748
-239
-328
-521
565
-11
237
-429
241
614
-644
783
858
483
-68
-44
581
627
-202
876
260
675
-185
112
-435
736
-372
231
-120
803
938
461
-103
-616
-983
-35
334
-997
162
402
783
-971
-972
-173
-674
-866
889
-198
343
647
-867
-726
702
586
-561
-165
30
124
-445
826
171
-194
913
635
-890
-265
562
137
785
91
592
-269
-968
-191
-547
285
319
-691
-283
297
574
104
124
633
-822
90
271
466
-321
321
-815
-5
-176
-383
-990
336
237
-522
737
-831
-572
-684
-766
120
769
-867
-653
767
-759
-56
-830
22
793
-180
656
289
-204
-931
-912
161
-629
-147
-261
-44
515
567
308
-82
210
-375
283
259
245
-768
556
-918
-815
-131
596
423
-461
318
-603
-644
522
-602
-342
-941
-948
-249
246
-724
76
114
579
488
640
671
-403
-933
-397
-355
-902
-649
-548
749
367
439
-186
-680
750
-755
415
-101
-981
-81
-757
-782
848
58
880
-304
228
-612
-903
724
-821
105
14
-502
-888
535
943
424
-722
337
-802
-607
-987
-175
892
536
-735
-988
287
202
-484
-793
-958
-482
-184
474
-700
54
299
942
-385
-346
-845
142
667
114
755
89
447
823
-861
-189
245
-914
215
-614
88
739
562
400
-200
-811
745
-780
556
-468
-708
765
-901
-406
307
163
2
186
-153
-689
-646
-47
507
532
-153
-630
484
984
868
626
9
-278
-392
437
639
-363
887
961
522
-366
-389
-889
452
878
299
-554
-19
-141
-233
-315
119
-359
405
-265
-627
-808
57
-958
-98
-127
263
-267
-939
-143
887
298
-886
-360
-114
113
-174
648
-934
29
-130
-94
786
-549
229
5
-665
961
3
23
309
-496
428
-242
339
192
-84
519
202
-809
123
433
-541
-832
307
-849
-10
-881
782
600
-663
65
172
-55
-112
-445
538
863
556
605
-487
632
890
-567
-213
-970
271
503
589
214
820
600
-542
53
-104
-137
500
834
775
299
824
547
366
-467
442
-937
882
53
264
-484
-375
-485
429
117
601
348
-370
-152
-83
259
-39
101
361
214
-448
-893
798
489
515
854
788
-569
197
-470
411
787
682
169
171
196
-54
-202
49
177
-693
528
-654
-426
414
546
517
-904
197
-444
140
836
-472
271
7
-697
-778
99
-343
-889
-590
296
532
629
663
-473
200
97
896
275
-984
-844
758
364
-679
-639
699
371
26
322
-413
494
-364
-139
-519
-146
-793
788
725
56
819
198
-993
9
879
-764
85
100
656
77
-216
-106
-514
-870
-113
-771
-183
-579
128
-409
-602
863
741
-128
-524
57
-129
-42
735
986
768
877
-583
-738
-552
390
-657
657
-429
-140
198
-906
-85
44
916
-551
-313
439
961
376
601
363
79
210
-65
705
608
-888
-819
-511
81
627
241
105
-242
895
-126
-980
-726
-743
-874
-973
331
-539
934
25
-994
601
-82
-125
-393
-307
-729
422
-338
-824
273
-862
-310
-881
585
-846
-319
-441
594
335
987
963
172
-526
-501
-862
-638
-861
112
698
946
-45
914
-627
19
-123
-931
-42
-756
876
513
-447
-865
-741
46
-938
-629
-183
-283
-689
808
-350
456
844
-52
-488
-978
-824
-141
-34
854
907
-820
634
-687
464
-417
-464
357
889
-574
-586
49
501
469
844
651
-825
-327
156
980
789
-279
402
265
480
847
493
55
316
-212
107
919
292
947
-800
-664
88
-229
-990
131
41
-968
-993
43
902
486
-995
-837
-364
-759
-831
-389
-541
663
-600
29
-526
-460
-865
-930
777
847
-212
953
714
-174
490
-930
-436
337
326
-518
-283
572
-406
177
-572
-533
-14
426
656
-121
-812
-645
971
-807
337
-997
218
758
-516
182
672
-558
11
600
-657
-564
882
274
104
-227
228
-751
-337
606
-973
-911
-58
149
-458
577
508
-690
-986
-174
943
-283
870
-624
-329
-825
-867
316
-833
-298
651
68
577
240
-414
-927
440
-662
-209
671
-429
-912
463
609
-355
633
51
319
242
-209
360
441
-693
-905
737
821
-546
-463
487
-605
644
203
-109
-974
-955
534
653
689
262
-875
441
736
-937
-246
-480
-194
-829
397
-734
-496
326
522
-689
514
995
-23
-252
-244
-763
-139
611
936
290
-561
-59
498
777
968
332
186
-993
-701
-405
-31
-212
827
818
645
67
-799
85
-152
-33
-415
327
577
-466
-966
-475
-759
-462
-296
-759
105
-791
-24
786
803
332
739
0
-351
19
549
-331
-87
245
-528
941
-502
212
745
76
470
334
969
482
970
339
-904
-54
-48
912
626
-4
-616
-102
-585
-252
379
-461
664
-29
736
-391
-442
821
-437
209
-276
-129
-306
825
-635
-552
-760
77
856
-665
-362
-16
-507
890
-56
-753
-320
416
-924
-765
956
-4
-934
168
-612
-246
-209
-730
96
-576
714
720
-115
-885
217
389
-371
740
106
-429
381
-452
-95
89
175
-661
-313
-900
-218
944
843
-877
382
-683
-73
-675
59
856
730
425
-909
-246
732
247
322
-978
-594
717
-942
250
639
-10
-926
268
913
475
-949
-70
846
-274
88
222
-926
-21
-211
-299
9
319
-344
554
114
311
-69
-195
-602
-566
-130
-348
-99
-805
-595
-667
-478
-380
-26
-966
-525
-885
-366
228
-617
-948
380
-544
636
969
-657
189
-869
963
-388
-450
-408
630
-226
-23
222
-91
-977
64
899
-444
-428
164
542
-349
208
-455
-102
-770
-374
-725
83
-563
-652
936
354
192
-940
340
-407
-975
499
-67
542
935
-391
126
-315
65
-425
-295
605
641
55
196
598
88
-174
267
988
980
-121
-883
249
-465
-190
819
-66
-173
928
-263
-425
-7
-458
77
927
-16
-283
997
68
916
118
-640
239
-236
-101
934
-917
-391
-393
-258
802
274
-713
-443
343
491
-965
805
511
521
-974
804
-129
-853
405
-974
388
-389
903
18
360
-481
477
540
-632
-671
-556
-235
-88
-373
405
-970
775
-128
240
833
499
-523
-350
231
778
764
437
-889
-466
357
768
450
-493
-560
-961
828
464
831
322
421
-842
809
-321
-337
897
588
202
422
-405
4
235
-96
-36
-553
13
-147
379
-590
604
887
976
-411
771
396
-743
-263
-971
-696
401
-878
331
-984
-41
-398
542
-317
6
-371
546
725
791
329
-350
609
877
690
-895
-82
557
62
-516
96
541
-144
672
119
-328
-828
-92
-253
297
2
-909
472
577
-631
992
274
215
652
-27
335
-300
887
-348
-915
-187
396
273
630
-728
915
93
906
-674
-289
766
-132
821
94
94
41
-298
-338
53
586
-319
723
-485
324
553
-590
3
85
964
483
432
-330
576
-274
968
-210
-524
79
912
938
517
389
65
-864
116
585
683
-404
-874
-873
-180
579
-528
-486
-329
-912
125
955
-464
-684
337
852
-328
914
-424
-440
995
-76
768
-881
103
-619
136
421
-879
811
-695
440
-113
-622
-682
-456
110
704
-139
-224
939
572
35
349
-323
147
-3
-651
411
-124
-681
-600
-438
-609
283
-708
-579
906
0
79
-386
-744
969
-507
817
144
-38
-77
531
-649
312
517
727
97
-962
-611
786
448
256
991
854
-488
394
-811
-596
322
-149
-669
-571
-583
910
605
998
-881
483
77
545
103
953
757
870
-568
-982
-187
214
34
110
-934
-267
913
821
397
238
355
-669
841
836
-234
-504
299
-136
510
-140
459
-71
-54
-593
632
96
-232
-35
874
217
459
-46
741
-218
676
833
-118
231
-992
13
-514
600
-936
151
213
-465
75
-974
-740
-420
-125
859
-825
-578
931
691
-191
571
684
450
603
-481
-976
-895
55
-223
-14
903
28
201
-253
-557
402
941
-509
-185
-450
790
17
793
-951
-852
-419
159
-39
476
893
274
-681
67
27
790
-378
-240
-648
-949
-593
529
32
-562
995
612
155
462
974
-476
930
299
-149
-808
655
-175
-744
159
647
-67
515
477
87
-230
540
-428
21
-158
-964
523
-141
202
100
136
-777
-150
-471
518
114
-993
-863
700
-850
405
-11
916
-26
780
130
280
149
942
5
-979
684
-472
-883
-338
774
656
-817
-961
-50
-753
-869
-700
825
792
-493
-268
790
-119
594
884
-732
-547
463
-743
587
130
-449
-862
712
457
-287
-501
992
-749
514
-512
879
409
-320
-470
-161
824
-294
-806
150
-97
-145
198
756
144
334
979
510
-710
-439
90
428
-841
124
-118
878
395
289
807
309
315
-569
-884
877
205
524
378
-504
-720
586
67
-383
-72
872
538
151
-177
-987
-133
-797
682
790
-674
-803
606
380
-323
728
-456
474
-614
-533
18
-47
326
-632
-923
306
339
-553
-734
563
903
229
-792
-790
932
-255
-753
-772
889
-250
-132
-939
190
-761
309
620
777
375
931
835
-109
-689
-823
743
800
-778
-60
-7
498
974
-76
-498
1000
-266
75
684
-461
-210
-561
-850
-214
478
74
-115
-256
317
-514
961
36
62
-420
-656
444
-746
258
149
-961
-13
-297
488
126
798
-390
350
160
496
432
687
652
998
565
-703
177
-645
116
327
-609
-386
551
438
27
-541
-885
-229
-163
339
-108
371
118
62
-993
-666
-609
869
-6
604
372
219
575
959
600
-89
629
-773
464
-75
214
-591
-83
576
-473
301
-186
-464
-97
-639
-853
-855
219
-816
556
-809
662
-661
-16
749
-766
-128
859
-99
835
-292
-225
-869
-9
776
99
401
-483
-284
875
997
-152
198
696
-488
-170
418
820
46
-679
323
991
-59
-162
-461
-52
706
-501
971
-951
309
-541
-165
143
946
194
262
-717
762
-605
-440
-964
637
-741
-106
369
-139
523
453
341
413
-318
-662
666
-339
-397
49
418
982
465
-801
-102
346
-479
348
29
-502
-708
688
513
-95
-699
-167
618
373
618
429
-33
342
672
479
123
518
-433
-88
667
856
671
251
173
-19
-642
-774
-24
-304
353
288
-384
-664
247
566
-926
758
32
588
-266
565
437
192
-975
198
477
-110
-951
-103
486
-332
469
419
424
-652
244
-770
-649
-726
-520
-375
-75
369
-307
-299
635
-200
644
461
-467
-778
316
399
528
325
315
-975
-788
482
46
376
820
321
-809
587
-953
776
-405
-168
-192
-242
772
991
-451
-108
-717
-326
-684
-140
146
-313
-6
639
-722
691
237
53
-505
977
-338
225
855
228
-989
-671
-522
392
-689
287
559
-19
-239
-946
-215
-652
-957
769
-469
-402
-636
480
184
803
-369
-224
-120
-153
-593
-870
581
774
-454
377
211
759
771
-453
593
-219
806
125
-167
-540
-184
-445
806
374
-847
97
728
837
-668
995
849
934
565
635
-505
840
-108
12
-409
747
-472
749
581
589
-80
-57
-567
173
-214
453
547
422
-922
-554
595
-542
-842
-962
898
730
-294
628
911
-621
151
270
490
-360
491
-86
-680
9
889
-211
-576
-285
280
705
-697
696
-503
123
-615
197
883
712
399
-733
-327
-489
-184
-308
-747
-427
508
-7
967
414
-878
219
998
504
-815
-431
865
-296
61
-373
-956
-987
466
18
892
76
45
-90
479
723
790
-218
634
-28
-659
318
-644
275
743
34
371
666
111
220
304
-87
123
-901
-276
-376
354
255
-207
-168
-479
453
348
747
-907
-75
365
-578
85
-89
-48
-664
950
229
119
-898
592
725
522
-536
-911
526
-260
-545
-859
-957
-939
342
-303
-611
401
963
178
-774
44
-998
-792
897
460
862
-285
696
54
-496
-941
-894
237
-622
378
968
-347
705
-391
664
-909
-444
772
-166
-885
912
-948
719
-709
243
-553
-686
-100
-290
993
416
779
107
-60
94
649
995
69
951
-738
-119
-284
691
860
619
-679
631
-170
-800
852
-908
-496
615
-979
-295
87
-657
-389
-232
-992
-541
-756
381
-103
-1000
-153
-153
326
148
997
294
-17
-955
-530
406
526
174
767
908
-382
-363
260
-236
-977
68
863
-416
533
330
90
-563
641
-652
238
-552
60
368
-581
286
61
359
-203
933
986
-21
-703
-797
-768
62
-281
-174
-676
-124
885
-364
965
715
325
899
-149
-729
-577
742
-818
206
-837
-738
-577
-403
-866
-722
-977
-958
204
762
-217
-662
162
-821
-316
-976
222
-702
161
-6
-881
-192
903
-541
-430
-340
-209
-416
927
-777
240
31
979
878
-419
148
-334
-16
821
-550
-170
-413
276
-380
53
-823
-698
-694
368
-321
955
-966
133
983
-476
76
-355
-596
966
428
516
-720
-187
-872
274
-815
526
-797
-636
-805
209
-46
-415
830
-381
-179
835
-693
737
-62
784
2
152
249
-268
-871
-276
644
625
-230
73
879
-59
-768
-953
110
558
188
961
-360
-115
-341
-578
-950
-577
-590
-682
96
975
678
-806
-975
533
779
-741
-938
973
911
-474
183
-46
-488
585
408
-861
-918
159
376
147
-382
860
-539
82
395
427
-268
-17
-885
-503
706
621
261
391
-301
-643
508
-817
-890
100
-935
632
-583
643
125
286
870
-178
289
-363
-25
-161
-376
-731
298
-677
-27
985
988
461
855
-716
-258
886
124
751
-101
989
81
-804
650
286
348
-841
-706
351
-668
73
688
-695
-587
-867
-61
-31
-134
424
-890
-130
178
-669
-441
765
608
376
-340
50
-481
-473
277
-968
267
38
361
346
-599
-533
-92
86
804
693
889
-819
792
-86
908
-182
-336
-575
646
-914
579
-109
-283
956
819
595
-318
-429
89
475
-643
688
-916
-519
-139
-895
-327
557
-524
133
458
828
-492
-817
304
-676
-370
-47
-175
511
403
157
412
933
-680
-254
573
-222
780
619
473
1000
-601
-986
57
315
114
915
214
61
-476
-457
-856
182
-834
-474
-65
635
336
-63
900
247
-533
91
-942
-164
873
395
-726
-842
814
148
-950
418
450
-979
-90
-233
955
-612
475
-985
-839
550
164
-567
278
-955
604
-944
-429
-332
350
-240
368
13
-199
332
105
-447
-960
893
158
2
700
925
240
423
686
839
-85
-186
519
365
119
258
273
-790
808
538
703
-861
949
-890
700
186
775
515
466
728
207
-677
-943
504
-271
191
-166
-165
-666
496
96
-57
796
-361
-116
815
458
-339
681
468
-176
147
-67
-517
367
57
-323
498
-390
319
805
897
-421
-271
948
442
729
295
-157
168
-770
-300
-439
802
-253
-345
-594
-329
453
-968
-584
553
-90
170
806
-725
-649
370
62
-398
961
710
382
-63
-449
439
-49
767
509
933
701
373
-282
961
-705
-719
-156
-120
-227
-896
-98
-981
791
-481
-433
-702
-856
640
-109
-207
-618
-97
-887
-803
30
-878
975
-966
-774
-516
987
-747
686
-774
165
491
910
600
-718
32
-183
891
388
634
-10
-259
-725
757
-495
691
-832
-410
-990
-990
988
-986
-759
627
-668
-836
611
-713
-206
92
322
-187
209
861
173
930
434
574
-215
453
-695
-655
-649
985
651
-892
-663
44
-648
-861
422
766
-429
-990
-795
635
-431
425
-333
616
-52
645
205
-188
-229
-368
89
-832
-57
-610
-793
-325
333
440
-67
657
-696
747
-848
-156
363
-696
673
901
173
537
22
-859
-89
-189
-418
-919
-611
476
-443
-848
-858
-750
912
-796
-180
-226
653
-503
-356
-278
964
-803
-782
32
139
181
35
549
-877
-312
985
-843
-190
790
-494
-106
-863
-283
-847
-655
-5
-623
-628
-829
-657
769
-466
588
65
517
495
-674
856
-314
-573
885
383
838
228
-459
218
802
445
580
498
-358
115
807
-23
-259
468
-303
471
704
-583
-940
934
161
-962
-534
563
-274
281
377
755
-458
-823
-92
889
-65
281
82
595
-875
-624
863
-860
-163
-371
-483
-719
-576
848
-642
-203
649
-238
-677
-807
-60
224
441
562
50
799
-404
-961
-262
582
-704
-288
102
605
48
-421
-212
21
806
-438
-46
742
253
-128
-498
-57
-321
-750
59
216
937
-23
-819
-550
-303
974
-231
181
-401
-516
789
-331
776
-982
-569
244
17
-579
-319
-116
-659
225
256
-109
790
28
-847
397
626
652
-407
774
782
911
386
708
823
-406
354
289
-204
-123
-553
212
444
-879
589
181
-592
-541
603
191
205
418
906
998
170
941
-342
739
-315
776
281
-585
704
173
742
-563
186
526
799
-663
520
395
110
335
-14
603
-939
619
-808
115
526
-842
-553
32
-281
232
584
-81
-192
-749
-798
-702
410
748
-183
-70
-485
717
124
658
-131
645
632
54
824
-144
-355
40
121
674
657
943
-809
-624
-889
-501
780
-416
-126
-515
620
-915
-914
38
-443
447
-989
878
-183
-181
-814
-928
904
-804
115
-621
809
949
-643
517
-623
-312
-249
-311
-532
293
892
474
-179
636
-825
782
-516
707
888
805
-143
-411
46
937
180
308
-258
733
-957
-886
5
195
-252
-7
321
-990
-939
-220
45
-170
-280
439
325
839
106
51
615
362
-709
-216
941
422
-637
-15
466
60
904
-580
-723
626
-731
-145
-371
-525
426
761
-393
968
-348
-621
835
108
-768
-460
696
374
-923
303
-833
-754
481
-672
566
-600
-950
-633
517
285
-522
644
47
-314
-130
-746
395
-394
-986
612
769
-83
-850
-141
144
706
609
561
152
-556
140
-985
-498
-984
149
-167
492
-550
-159
-742
-523
488
850
-3
835
842
-801
695
446
73
297
509
567
-952
-857
-116
-464
-689
-991
35
-292
-330
214
446
210
-387
-860
-983
-133
-385
916
-793
-732
288
87
766
-913
245
858
-113
-497
-740
179
-729
311
-596
-58
279
476
-970
781
371
-969
-344
919
426
-777
199
-163
128
-589
728
895
-430
33
383
610
-134
193
-924
-314
-729
214
855
314
305
-618
-873
97
46
-318
-396
218
-348
-322
-942
-36
105
562
-708
-764
-130
-104
-669
-408
-25
-704
714
83
-618
-401
56
155
-326
-19
-965
-605
73
-300
-159
-150
-792
-237
-218
699
506
-381
-630
-170
-305
-679
-698
709
-522
-7
15
591
120
434
-810
-245
-57
71
-617
-600
7
-213
-425
-370
-335
-186
-736
-660
-788
-355
591
-512
108
33
380
-558
865
355
350
939
851
888
-307
937
909
444
628
-823
-792
690
-809
-394
393
-929
546
61
-886
295
-156
-266
842
-791
-588
135
-690
342
279
970
94
-79
381
447
-723
-979
791
885
-797
412
556
-615
-727
-347
336
429
-293
-872
275
-317
973
-903
511
-17
-425
-628
-575
561
-416
636
-249
-637
859
-811
-236
-375
89
633
-471
-251
251
43
633
332
976
-665
248
675
304
-246
-101
637
618
-683
468
928
-130
-863
69
-878
770
-570
465
-130
597
-873
587
897
-912
8
464
-78
990
-462
778
-937
-642
862
-716
-327
929
85
840
-638
-195
-275
-285
644
651
-941
529
942
-367
1000
-523
-624
-758
698
512
-385
831
-749
-956
747
194
279
-211
990
96
-728
-590
-86
-82
-513
70
-873
-477
952
-716
-367
899
-692
965
589
991
-776
-650
624
510
-219
632
9
38
904
973
687
-583
-365
-293
442
900
-892
731
-635
906
-523
302
-632
958
-849
-246
-525
-459
-917
-784
-821
792
-423
-532
-441
812
367
-46
-763
-979
-577
-652
-69
530
-393
-921
-466
-39
-553
-481
-988
-972
434
363
136
993
-602
-2
671
-666
622
-963
692
-205
-147
172
708
826
-582
402
-369
-650
-400
-742
-248
621
-99
-798
352
-261
886
129
512
-147
484
-548
-571
-819
633
-123
-916
-176
-312
-823
-375
-235
690
328
-11
-23
-865
-757
43
542
381
235
-673
-526
920
829
697
-723
835
-452
-432
254
-588
-847
715
-891
-466
-298
785
-263
-226
362
-435
543
774
780
-10
153
-86
-815
-739
355
579
-142
-220
-833
126
-329
-104
-883
72
-215
-443
864
-124
-7
346
802
-447
-60
171
855
136
-243
-212
-834
-881
29
-211
755
-198
312
-817
814
-549
404
-49
-428
261
-31
-189
-55
412
-120
812
-278
-908
123
895
-856
-877
946
405
-747
491
200
-962
-247
-153
-205
-164
-438
-164
-820
-784
518
721
107
862
759
181
-703
-432
-20
-942
-479
-720
-905
60
-52
-861
8
114
189
-167
74
-899
-734
-221
-724
-283
-932
-731
420
998
238
-934
-991
-814
-272
100
608
-403
-783
-40
3
-343
660
-406
386
-279
-822
827
-15
-775
625
800
-289
899
313
-32
-58
-272
943
-258
913
314
-142
-826
422
4
-527
-658
-754
656
418
680
368
1
554
249
649
-605
-64
-564
412
206
545
-655
-619
916
-536
10
-489
497
923
671
49
-214
-941
-895
-906
-98
293
467
-141
470
-686
-524
-564
737
-165
335
266
-571
-220
608
-414
722
-191
-516
-195
-212
-142
-224
-254
768
-208
-940
-312
-67
595
786
-21
380
-975
209
372
82
935
110
-468
-81
226
-705
876
-322
-144
622
336
824
-321
733
257
250
-561
709
-894
123
121
665
912
-583
469
-235
-429
-577
-212
835
-294
-208
145
375
97
777
-311
982
590
226
985
-884
362
-941
-522
735
-80
-271
198
462
585
-726
34
-360
704
258
637
329
497
-896
-707
-963
-172
243
-943
736
-854
405
-978
365
-196
-563
119
-465
-573
-557
172
271
173
647
27
-620
-3
699
695
-130
266
-912
294
-234
-950
576
-331
924
343
-607
-590
59
146
954
440
-476
-440
167
-327
-151
-900
-518
-663
-704
171
-235
836
561
569
-214
-215
534
-892
-330
-806
-62
633
475
896
-933
-809
261
-55
837
607
462
-654
491
-693
-33
67
-424
-725
41
-78
-829
578
-540
-576
584
123
-236
-708
265
-50
267
604
640
136
-267
615
277
-513
-336
-884
338
-351
54
144
-285
844
118
-799
-733
913
-118
-759
-962
-102
-767
274
783
-613
-528
-967
-331
496
269
-853
655
12
778
706
585
563
-627
-388
-359
635
-570
99
825
-697
-513
-817
585
289
584
-394
799
-137
100
816
-727
-615
-25
340
660
-422
306
383
936
-459
-895
743
-194
106
386
445
-368
741
-569
-942
251
-38
-684
809
171
384
354
-649
-60
900
-929
537
-588
-764
-150
-159
-840
-913
142
148
-319
270
-199
-691
946
288
-868
516
-328
334
166
-701
-551
-797
-807
-196
-755
-793
-621
134
-280
-436
-770
458
-999
910
32
312
-93
-225
449
433
-804
-991
378
465
852
-391
-415
-849
910
270
-509
-565
131
-569
464
787
-443
781
42
359
950
790
786
-159
852
-170
132
472
401
569
997
403
-861
135
-605
-644
-800
-475
-340
-895
-160
49
-379
-788
-246
680
466
-843
-304
280
905
751
-999
602
-913
-967
952
222
-346
-685
904
-859
-517
890
780
845
-776
15
-88
-706
975
532
-318
-977
-704
628
364
-59
926
-267
634
-341
465
-60
-132
-384
-478
-361
359
-656
-710
-105
-194
279
-750
284
-611
169
-498
361
-526
42
403
-769
523
994
-651
325
-45
-284
-811
-139
707
418
-999
925
247
-688
-841
833
-821
-418
273
412
222
-609
-109
389
-805
626
-923
-575
-565
-416
701
-844
695
606
-261
-53
199
-207
-759
517
960
616
-68
-309
864
-17
-465
928
-62
-801
684
321
-808
428
493
-639
625
-848
-247
319
-967
811
-221
383
764
96
181
-24
-60
-689
8
577
-203
846
680
-773
134
-511
63
-57
-760
271
-261
175
196
-970
-993
-132
-925
389
-633
-366
184
162
222
-561
-409
857
-705
165
-817
-30
962
929
-669
566
12
-962
762
-357
716
-88
247
779
558
399
-665
-209
-333
-278
-453
-117
761
92
648
237
648
-102
-733
279
717
133
986
-546
-197
-132
153
281
290
-488
525
853
150
612
-665
-220
-8
-428
476
-931
-433
881
155
860
-583
-816
-776
586
15
311
-125
980
739
141
32
308
-445
362
-848
35
-711
647
245
-635
542
131
-482
-729
463
898
561
36
64
610
-897
-272
-621
838
-119
861
-310
-126
-382
495
204
-919
-596
472
-221
205
15
429
432
805
244
598
182
-713
451
622
538
492
-21
146
260
245
-568
334
-908
517
-137
608
-249
577
509
594
-34
-118
6
284
827
925
220
695
-573
364
-232
-285
-486
-174
-626
-659
-809
765
-461
-406
878
207
797
744
476
-51
-437
645
-878
956
-35
213
-994
813
188
-369
379
-90
296
-661
-448
-764
-671
-267
694
891
871
732
-216
-802
-639
-831
-697
-854
-483
384
-928
-153
25
-137
-885
748
389
627
-279
-428
823
-906
-321
783
-889
-785
217
78
-975
151
-756
-915
132
935
-611
691
38
646
-999
49
264
18
490
-524
-300
-979
392
-204
919
169
-406
26
-880
-185
616
-396
245
-796
116
965
-555
-733
-718
-988
-328
121
509
435
554
603
-629
-247
-725
-56
123
478
31
-76
-471
-68
-28
-192
-253
-127
185
-1
-188
-707
-416
-882
400
533
968
-820
-755
996
-512
509
-661
-88
758
810
492
388
587
-639
97
110
-505
532
-931
-489
697
352
528
788
-445
-587
471
128
418
380
265
689
988
523
254
-635
-909
599
919
129
-33
302
406
652
-484
-151
45
-70
-240
614
446
675
486
851
-581
-545
-160
443
373
-248
437
-408
371
-564
-432
540
975
423
500
873
429
842
2
-15
-194
-386
-455
48
-924
-956
-951
310
-505
-766
-118
-260
-390
485
73
133
134
229
-61
207
830
681
-389
-544
291
-111
-938
101
-949
353
-657
-510
187
679
2
-843
402
507
982
-103
420
-194
14
-251
-138
-839
-323
894
-569
-439
-437
17
-456
624
-234
-683
-832
-866
926
442
590
64
-8
-243
-642
-374
598
969
683
406
-215
-388
188
-711
910
-804
-802
-250
885
-546
987
117
-139
303
-560
162
-412
962
-120
439
-187
209
950
981
-382
262
-392
609
353
467
-336
-628
154
741
-845
-608
-795
-18
80
-180
352
653
274
330
72
710
232
-421
508
560
340
-409
-650
-657
-90
917
-610
-827
249
-754
834
564
-402
-54
-889
-469
557
-843
932
-932
664
924
464
568
-161
-893
341
-530
-861
-217
-388
-959
361
-546
-775
-806
141
587
-969
317
-6
493
-633
-860
-819
-476
381
692
-419
815
-675
893
165
-943
-546
-612
-193
-602
-456
21
29
526
-178
403
-176
-878
448
-525
650
948
-198
59
429
744
419
-76
601
-978
458
-380
-315
810
-515
-455
-589
-187
616
-657
655
822
487
-303
-996
226
-571
404
138
983
-98
-257
-540
-683
-790
-426
425
25
47
-868
-909
542
911
614
-452
352
727
721
-512
-602
425
-535
-310
53
906
591
-583
-54
34
372
-269
-195
-393
219
-79
408
716
269
-61
-229
-404
-495
777
-307
-36
607
269
774
525
-556
225
683
114
-99
-692
-445
167
222
-268
-69
204
-294
-954
658
131
699
-576
-596
536
534
-576
-283
-221
-223
-60
-141
852
970
-881
955
349
504
172
-123
534
406
516
327
155
836
-799
-755
133
318
-783
324
923
-910
410
761
-160
740
544
-884
654
651
-677
94
828
977
-897
801
901
-607
445
-510
941
437
-699
368
-588
377
69
-573
-159
-783
-40
900
645
675
-749
-299
935
-902
-867
-676
-866
-641
-542
457
-872
607
156
959
243
622
920
-704
-21
-631
261
2
409
520
-159
291
-823
360
800
409
699
-421
150
-317
686
-305
744
-523
-57
618
627
-356
434
852
175
361
-392
26
160
-382
-210
-306
-730
-54
-735
-769
785
331
970
-312
996
74
129
-619
358
-182
647
-333
-584
-605
47
-825
-953
385
-740
-2
841
-341
-689
-608
-132
731
208
-724
887
774
900
796
248
-418
636
273
-292
510
-812
-763
152
-66
455
605
447
-941
350
952
-832
-226
-602
-781
893
962
793
-112
-545
-430
-773
356
241
717
765
-820
-268
-808
764
-361
-251
-77
-79
570
131
474
-26
-760
808
16
67
945
-587
-49
252
267
-17
160
-183
-941
-672
-970
916
-653
705
-348
-16
-233
323
-707
28
-922
-12
365
-49
-304
889
307
29
798
22
184
765
75
-838
-245
681
-456
407
-746
-259
699
-933
-178
-672
-533
-488
-763
-616
-989
-178
787
383
-898
-459
-529
924
-221
644
12
-580
787
-150
-782
440
671
746
-326
-851
-973
874
-77
185
-847
593
-534
390
-920
706
-167
445
532
-802
-526
-754
-222
-536
408
506
608
-412
441
-287
705
-952
757
274
-91
-860
713
53
596
871
-890
-160
584
879
-689
-43
127
-843
722
-297
-772
-945
-469
-623
96
-557
520
-964
516
501
984
624
-470
-519
381
-863
409
101
-209
85
-843
-746
282
-871
215
459
672
855
-58
-696
-603
-819
907
-601
-691
-61
-181
-123
-450
829
737
421
988
-505
-560
791
510
532
99
-450
211
-917
660
-271
111
-183
-99
791
501
-202
-536
-500
77
1
-289
-188
527
-635
968
-239
-222
172
-159
335
-350
832
919
100
754
-505
-329
-930
-369
-30
-975
392
199
-267
-663
17
-12
-849
-279
-622
-270
636
184
-101
-442
992
-801
415
-849
-856
-555
971
-940
-467
708
286
-6
-650
-129
-152
436
525
346
-801
772
-875
997
462
-508
-151
336
294
-235
886
-328
-787
137
-511
-123
-596
-855
-492
29
-538
-577
-66
862
786
57
450
-944
-103
-91
876
-573
-883
-276
873
-104
994
-898
-312
263
-874
571
-533
-418
-362
767
946
-163
228
-695
979
-240
204
142
883
732
-740
-50
651
-701
-366
-219
-862
353
-331
967
-154
78
8
-947
-368
528
552
288
719
864
227
90
-904
-122
371
-360
-977
-158
824
-372
-857
-692
-37
422
-550
887
833
-857
92
54
465
-788
369
971
938
-895
123
833
-785
5
-456
308
-201
-966
-130
236
-664
-196
-27
-559
266
134
809
702
492
-143
-203
-319
162
-74
490
216
-740
-587
706
480
-496
379
-765
-290
23
-548
554
838
-564
-961
50
-177
-729
299
-130
-403
10
-216
-211
-7
484
378
771
-54
345
-292
381
-922
-506
328
227
-7
-235
693
916
255
78
-212
54
-920
844
-115
354
-358
416
349
323
-787
-300
876
-873
-301
-652
816
664
138
-865
-895
-670
556
388
451
-426
407
527
939
-879
845
-22
-830
-672
-351
-932
992
-470
-531
787
-321
819
-504
-42
-607
16
458
-468
453
695
997
-730
-792
-62
38
-507
153
379
-384
-3
-232
189
-685
924
-251
558
-189
529
-809
522
963
-83
-971
-685
-76
550
698
-336
-513
285
658
646
281
773
161
-655
-710
-819
809
409
927
-191
-345
232
160
-799
-611
-883
-888
-61
-793
810
714
-871
-100
-324
798
-621
-779
303
-445
617
19
548
-901
-514
-809
-92
-337
-193
-288
38
-891
736
-987
471
-237
842
727
-854
-889
883
-32
-837
138
-695
-650
795
-165
462
675
574
0
153
-146
854
-286
845
528
-166
-279
-618
-545
995
-834
871
-912
-491
-438
950
-537
-671
-845
154
-61
810
537
632
-157
-967
-377
-827
-848
802
-965
-381
395
680
161
-514
-168
163
364
-339
216
29
453
-911
563
-193
56
954
-900
-835
982
-471
605
268
265
-375
580
311
-551
-289
-549
-71
-797
963
515
97
-349
72
806
-182
273
473
-707
817
-962
-566
720
-241
860
971
-900
-797
169
485
410
202
731
96
798
-157
-578
183
-925
588
982
853
-901
-305
-919
-133
618
355
-229
-291
409
-670
-93
-813
-838
-568
933
511
427
-989
-485
595
722
644
737
-200
-255
981
-54
-580
-866
-548
-162
785
-635
886
45
-414
-288
-156
-617
857
-830
112
-759
-831
355
401
215
406
336
972
680
666
-695
139
-350
-592
-790
-829
51
300
-765
-993
756
-948
-129
-290
872
363
261
-812
-636
-426
-295
-496
257
-586
265
48
120
-896
55
-59
913
-196
720
906
706
864
437
157
230
-919
247
-207
-34
66
830
39
195
-526
-174
-727
219
-587
133
-847
36
-945
697
962
447
788
-987
300
363
-711
-213
-802
137
-313
-565
618
-121
976
643
-241
505
309
908
593
-394
270
-944
602
-544
263
634
399
716
-492
-821
-815
12
-598
-957
841
-367
561
713
985
646
-854
-136
-926
-221
-705
444
-23
695
252
241
507
824
-886
-654
-829
585
-636
-67
737
-660
-925
-877
536
469
-101
55
407
-181
949
-409
941
-165
440
-999
525
-129
486
-723
-851
-536
464
-153
457
-63
-855
-137
930
-12
-904
-342
270
-750
369
-643
-477
819
503
-304
243
242
-198
336
-574
915
-884
729
153
-217
-938
-798
619
694
447
-742
133
-510
903
-408
-53
226
956
-988
285
-822
-209
-616
-962
984
969
-475
-89
-140
229
706
-64
462
81
-831
961
563
47
511
-330
775
39
-767
-565
329
-558
-607
746
405
-832
-352
488
-876
-637
181
126
-366
594
-34
832
-440
663
-619
-747
632
-320
-760
-777
224
-134
-346
490
-830
-915
-450
770
383
-319
-851
-671
-56
-533
-79
-979
669
204
513
-39
-29
749
89
867
356
514
-851
-733
874
525
-922
-43
735
-695
459
-723
-497
-44
47
-965
166
-607
-948
-756
-352
-799
20
125
994
937
-590
-608
-671
-59
526
265
874
805
26
-640
18
207
563
664
-839
-790
692
-499
-448
442
-803
-942
-630
364
247
-37
-436
-505
951
-63
20
-611
713
-248
-225
-788
-459
-780
-642
35
-722
839
125
-701
575
-707
158
-217
-443
427
-67
131
582
792
-390
-266
214
927
269
-805
357
176
858
872
-760
-331
-805
-251
205
-859
339
397
34
795
455
-590
884
629
-480
854
504
324
-513
520
180
-525
-140
443
-544
-350
-968
-117
-411
530
495
-652
951
508
790
867
-194
-366
88
699
-65
-951
932
-52
-718
-461
99
198
-661
-213
686
-781
127
927
-737
557
-59
607
-277
-49
-311
-240
258
-583
-93
407
880
335
584
699
-934
-714
0
-281
-509
151
-328
-998
-668
-317
954
349
767
317
-241
892
557
243
-149
-203
-352
878
535
-224
353
-309
-643
-737
-459
789
173
-117
-937
600
745
27
468
934
290
-501
-461
-386
326
823
338
773
548
972
-669
145
-972
356
-178
810
-872
268
472
-840
-943
-806
-337
522
625
-881
-716
564
-356
-993
580
871
409
158
-709
-549
917
-544
768
364
-572
-49
481
88
513
897
583
572
524
-367
-691
-499
486
877
-389
-576
-369
-385
-246
-982
414
-986
434
825
671
235
-402
716
-333
425
-759
-785
-196
191
-814
-47
27
400
-678
-21
115
890
-557
33
791
-55
37
-938
-525
-954
-914
-462
335
-424
-287
-91
430
-225
642
-984
920
324
196
-345
217
-47
-453
-276
-365
-39
632
527
879
-745
-866
-139
397
175
-888
-946
-671
-725
-947
-176
-446
-777
401
-125
654
-703
139
742
-131
-469
-746
-383
903
518
-546
-66
761
-51
314
998
-161
799
880
806
558
258
318
-509
-587
-269
-608
-464
808
-432
54
794
-876
876
-762
312
131
838
-953
23
-181
768
-586
906
573
-203
-310
-945
-644
417
-278
-718
921