656
194
-733
-171
417
427
340
597
-657
-542
-297
-721
10
-528
864
99
-350
150
-603
-665
-741
-203
-935
425
-177
702
368
135
627
7
170
-615
109
92
334
871
-487
404
-90
1000
849
259
-254
-621
-716
289
-249
795
843
364
668
-588
287
327
235
699
704
-376
-112
-302
-969
-694
-656
472
-666
-976
-518
363
581
995
266
-194
131
-338
214
533
479
179
-287
317
200
403
146
511
164
75
264
437
-911
-248
-105
-678
-917
203
557
-411
-615
947
-540
-187
132
-873
178
-833
977
-982
275
-789
-21
400
411
-187
-931
857
-697
-787
274
359
911
725
-124
-415
-68
-435
-375
440
-565
482
-189
495
968
302
693
-871
-347
293
917
143
654
-732
-334
183
669
-598
477
-209
252
567
27
-887
582
-561
281
-695
-656
-805
783
-614
-356
839
-732
503
-857
72
186
-124
584
-938
889
723
-965
-312
-787
948
-131
676
-792
677
903
305
-547
463
-79
510
-317
-600
977
337
123
-677
-775
959
829
412
591
-15
-782
615
332
39
535
247
371
332
-926
-843
-545
-206
-237
882
-417
871
-318
-555
598
301
-441
375
-431
-583
514
795
-257
135
-556
293
-305
-744
312
7
65
347
-443
-271
-138
828
-728
-501
878
318
-854
-774
323
-371
-521
-125
380
-409
57
-746
651
-399
-552
-80
-744
-271
599
747
441
807
-367
474
319
972
111
318
677
-256
-570
192
-264
-835
172
-435
357
703
138
947
-973
649
384
-35
515
-571
-240
-713
793
-454
-122
399
888
433
-425
-540
712
-897
211
182
939
-471
-832
431
824
-12
840
-74
313
24
-909
-600
-883
846
346
-345
12
893
826
-100
-13
-687
397
-580
544
55
757
847
41
883
-502
349
875
422
-520
-533
-383
-245
892
-933
-17
-28
297
774
885
-994
462
-704
-681
-294
432
-753
534
-651
-518
-938
-181
308
856
95
808
991
772
416
762
-969
-131
871
-548
627
-180
420
-99
-720
-767
-646
684
529
350
-690
-208
-426
334
-416
-892
816
463
876
-431
337
476
-797
869
-398
900
148
604
-219
514
660
-444
-893
949
442
564
199
668
-495
-743
449
209
-200
-390
-869
-15
-291
-520
-148
116
855
-990
-772
-736
-477
-647
-72
202
955
-125
247
861
78
-16
-832
670
172
-540
-145
-128
-497
638
-24
842
537
558
11
253
-780
-11
493
173
-137
-236
-847
-376
577
-323
536
-344
-760
342
139
587
-483
-746
-977
-4
-826
697
-391
-773
824
-520
-461
890
-762
-868
539
-592
666
-108
843
-156
228
899
469
798
994
-130
-146
575
-184
-988
-751
-990
-765
129
425
-809
-963
-610
700
-753
942
-932
-558
-583
-908
-995
-842
260
-275
-11
-570
790
-684
-453
-677
-310
259
75
-948
532
-514
-718
-121
-694
236
-887
246
743
824
777
951
878
-806
-414
805
-498
623
462
329
437
-922
704
640
-876
372
913
-752
796
-101
-435
983
-19
738
35
-852
653
304
-600
-11
869
-193
55
-338
-376
659
-648
236
991
-623
295
441
515
72
-936
-626
-740
142
-139
-656
-448
200
731
549
703
638
-317
-253
-230
624
894
355
569
751
-368
-310
-552
-920
-385
418
-209
501
-686
-247
-187
-474
-755
155
-930
147
384
888
941
25
480
795
936
-446
636
929
-860
182
-314
502
-169
606
-669
-335
355
104
-947
-294
167
501
-598
-553
843
-862
-963
582
-297
-954
-422
-540
651
857
-374
113
47
-456
-635
-346
-849
-441
525
855
-216
-184
218
907
258
515
663
-261
667
-153
4
155
-549
-414
744
608
-937
541
199
-628
-676
-590
358
-778
669
704
913
-509
292
627
-463
-994
-161
954
455
696
211
761
-859
982
548
743
68
-407
754
441
939
694
-913
622
-638
333
-6
544
-838
559
-725
-304
515
594
-981
84
-436
-841
-826
195
-839
822
646
509
76
-38
-330
-362
-744
500
414
-48
510
283
105
-872
995
-529
-251
-652
-683
624
70
-207
493
-817
693
-980
432
766
-179
543
224
-171
-985
667
-256
-429
-327
-349
719
-938
618
-594
-874
398
866
151
-936
215
-20
-214
-603
168
807
-735
-63
-807
-136
-750
961
616
-525
-903
-457
793
-930
678
580
-677
-697
383
665
87
-646
886
-408
-984
430
-5
-656
183
-319
817
-898
876
-957
-684
566
138
-37
-8
-932
786
810
969
-896
210
-101
668
293
-291
887
-945
395
444
-693
526
-553
-545
27
-905
469
769
559
-824
-929
-727
715
-51
96
850
-782
-505
-204
387
460
447
754
587
335
354
-125
431
911
-286
-506
914
10
-10
-22
436
238
-66
130
-561
-693
484
738
305
-392
-771
-90
-698
-833
-755
-378
-785
84
-102
172
-920
-906
-10
-916
256
577
-775
-870
-646
-962
180
-665
402
859
-513
124
-472
-491
434
-767
609
-881
247
769
-271
406
627
-229
-112
-506
-48
815
84
350
-679
583
-567
-132
-907
790
833
-242
-520
-74
-860
435
-943
578
161
62
-209
189
-421
272
-993
298
-213
-443
-587
419
-868
183
604
399
384
124
-642
177
822
989
-315
144
-122
-783
687
-348
-440
-329
-469
-365
648
-497
374
-811
-300
933
757
947
25
-752
-531
-644
-383
744
-998
-384
406
-187
676
-641
-885
744
-29
-455
-954
-704
805
-631
296
-887
-858
-344
927
971
685
-851
-971
999
-135
787
-395
-596
-296
-741
-24
-646
652
-46
-42
-653
-327
62
224
180
249
161
-315
802
905
-909
-636
-276
18
-604
676
632
-579
837
-542
-853
297
-317
-68
867
446
-640
249
458
-535
-847
-34
-349
601
223
-125
-723
263
-192
1
907
-633
983
-145
531
-547
723
-439
-864
-542
196
303
201
-69
206
10
-99
-713
303
-503
374
133
-833
630
-231
-930
990
110
819
-357
-610
-529
-272
-503
84
787
568
-860
-887
-929
703
-389
388
891
-196
410
388
-113
-786
573
378
686
292
-555
884
-825
-570
-572
467
-463
-159
-860
917
316
939
920
-599
-976
-719
98
-145
669
-276
269
-382
-110
965
-504
426
976
-324
-819
720
683
-990
-79
-609
-129
-861
-381
-880
362
502
335
313
-607
461
-792
753
513
338
930
-938
-59
489
858
-293
355
144
-531
-362
177
-379
963
83
748
-624
-219
-866
86
381
-418
396
-620
-883
427
-327
-359
-738
321
-993
405
-415
185
178
-207
-762
-293
536
39
92
-902
-410
235
-461
885
160
231
-925
486
-338
-418
-561
235
-106
107
503
-652
330
15
-157
-704
-408
222
80
-339
361
392
888
-937
-960
651
925
75
-391
-653
-822
-105
-573
-397
-82
654
-323
-161
-33
940
-805
-864
420
304
309
978
85
-358
200
-650
27
414
-780
677
-786
-688
-283
-566
325
273
-348
-1
852
-984
718
281
-116
-656
799
-99
800
-882
-479
907
940
508
-851
-605
892
-173
-151
208
605
-155
888
159
108
84
754
-888
-193
-765
496
707
603
307
244
268
-809
242
-466
842
-715
649
928
-485
955
660
634
-442
573
439
-831
576
-622
158
106
358
270
974
-7
228
530
-423
49
-218
-617
-158
449
924
855
-404
-774
672
-214
-461
775
840
-790
598
830
-8
123
-353
-777
-670
811
-729
284
-596
439
420
776
403
315
163
394
35
-383
734
84
217
402
119
807
-267
-176
104
611
-305
-329
-210
891
435
-983
639
-839
788
-781
782
517
268
-751
-671
-791
-795
-550
-708
958
-622
-379
-274
-974
489
-695
-876
-720
411
-91
626
205
-799
694
865
-30
-921
291
232
-566
-490
-166
763
-507
-718
-992
945
-530
810
591
-438
-521
883
-115
89
-545
952
-540
-649
-106
-394
-769
-805
215
-558
-890
-583
875
302
-486
-786
-185
-667
-769
305
117
-673
-267
714
839
-571
-411
537
14
-707
393
169
-243
168
-75
126
-933
277
389
967
-308
-50
558
-775
-474
-369
333
-865
-443
271
-28
-647
-205
336
-997
-348
-841
189
-215
-397
-406
31
898
406
-440
956
-313
-575
766
-615
794
359
652
461
521
-416
804
440
307
995
357
-936
-636
734
310
-767
-440
10
-812
727
-768
454
743
768
937
-48
917
-572
-319
-467
548
753
-827
800
910
714
-320
428
-265
947
-323
837
776
-637
363
797
682
674
572
-61
657
820
494
-795
-114
793
-913
-589
817
975
-809
663
617
443
347
-877
627
95
-995
-997
303
708
332
-371
960
579
-131
-22
-707
515
-675
370
-386
886
918
228
553
298
741
-794
-947
20
813
-542
-243
-584
494
875
132
490
-63
-529
233
-125
-343
852
-122
-905
-358
-704
833
-561
-686
-973
483
-489
-469
-427
520
-492
-997
-952
-433
727
-485
894
253
-503
-97
15
20
-741
815
-273
986
612
330
402
114
-785
314
-186
415
349
521
358
-952
-931
163
-449
-263
31
701
-690
-676
996
-315
-506
316
-766
-824
-212
-277
-258
-485
207
683
306
245
-11
-204
675
-280
196
-98
-280
603
447
484
910
357
865
-420
769
142
-303
-205
699
-655
682
-377
840
-322
-297
752
-102
946
-976
-205
-90
-653
921
-616
-175
-211
-240
-113
-442
61
952
-451
683
-620
-333
707
563
583
185
514
-708
-488
155
407
958
38
-260
732
-14
-470
17
-991
-943
-633
452
815
-496
731
-43
-366
-283
-603
-581
993
-873
827
198
-626
815
-892
-993
-451
482
-827
-879
-850
-513
-363
-546
119
-128
243
-300
-374
942
-959
-818
-172
923
-773
404
122
922
729
-87
305
-930
547
538
786
-39
-149
103
-533
-236
-5
-639
-354
906
749
-971
894
86
515
-88
140
-912
756
853
811
295
514
606
-109
-690
761
-611
23
-565
357
-20
703
693
959
32
-730
195
426
-849
589
804
661
309
423
-221
-298
-325
89
236
-275
904
490
362
405
-18
608
316
797
519
556
-864
-172
119
-947
784
812
-410
-768
-756
497
-91
-421
621
-356
-268
347
357
554
-324
131
512
255
976
218
-168
-822
218
-21
935
-183
-48
-863
677
-183
653
180
-197
146
-959
110
566
-567
-493
379
591
772
-959
-614
485
810
774
293
-929
-762
802
-63
-742
-320
688
551
-361
802
-815
821
586
270
187
953
13
-35
205
-403
-701
-914
-485
551
580
93
-957
-447
-89
-70
984
710
279
383
753
913
787
497
-62
-864
918
-899
-363
-494
311
661
916
973
337
871
-750
256
-654
-574
-774
-795
-187
482
397
-825
525
-288
659
-920
687
-810
833
-508
-668
884
405
532
-81
-79
-550
-272
-191
503
-91
-982
-518
-860
769
31
-974
-270
213
-153
678
6
-114
-739
961
537
944
-954
-760
-666
-397
-937
-93
-784
-67
500
768
87
512
-282
-82
-305
-572
768
805
779
474
311
-753
748
-430
-272
842
707
-571
-155
762
-20
496
82
-24
-738
628
795
-855
421
-658
724
219
520
498
-66
-814
-697
-733
158
23
300
-781
-266
-526
-330
751
-496
553
-424
-94
-546
807
262
584
814
-171
-618
-412
79
970
-865
-235
-998
761
742
-568
-126
976
849
815
677
146
305
445
-361
671
472
556
-774
480
-955
-963
-728
-65
-511
392
-423
-464
445
200
-636
-407
-881
749
367
-397
569
895
-701
-721
-744
383
541
-945
-655
323
192
-582
650
837
263
-127
342
237
-108
231
41
851
883
-120
768
926
350
-196
-684
-748
914
415
-560
148
-469
145
261
-646
-368
-763
-382
350
-961
-642
-960
-109
701
-725
-131
851
724
850
974
483
573
-897
765
-749
-983
485
938
-669
-392
-61
-301
243
387
817
221
-644
311
508
-829
-430
324
620
917
-493
-849
110
997
-287
952
-311
339
798
696
-536
-690
95
-134
-926
280
530
-637
-588
586
-995
624
-461
34
574
-989
-517
-987
-155
80
582
513
819
-180
-873
-457
815
-584
299
258
-608
656
781
793
-532
103
-585
-486
-946
-316
451
917
-59
177
200
174
-850
-497
-67
-32
657
134
-9
-139
288
924
-178
457
618
-349
-925
885
-749
523
-5
567
572
-289
-931
494
-748
-794
657
-584
580
988
-468
192
464
-537
690
-254
92
346
921
-697
634
434
776
133
-896
-742
-234
-992
0
-789
-962
240
-277
-709
-205
955
-68
-141
-323
981
-930
-152
650
833
-122
302
109
-18
957
367
-430
-980
312
-262
-537
95
-603
-608
-298
-562
336
297
-24
-42
140
978
967
606
840
-666
463
797
-108
-32
-857
866
-825
-70
-603
-497
-226
-311
-872
891
566
-459
375
-648
-226
-213
-371
405
967
351
13
719
272
-351
-55
-505
-667
252
968
262
606
157
114
-614
455
-799
45
94
-451
-225
-809
-520
-420
803
-772
-985
685
-387
-349
583
-582
-388
830
430
-448
-111
615
171
-563
493
687
239
685
-298
649
809
878
878
-526
-439
-944
-704
71
487
575
225
-859
709
212
-683
-489
-914
862
636
-794
478
-577
895
454
667
982
-460
-715
-696
-253
7
95
-413
-966
192
-314
574
-528
-816
-175
-765
662
-63
-435
-753
-823
-799
-552
399
-845
151
-597
-182
-159
345
666
-793
-49
-551
-656
303
-75
-324
384
823
-769
628
711
-382
-82
817
830
-442
-999
411
-75
429
713
-947
-560
-979
-744
947
554
-8
-805
-110
847
-994
-479
274
674
765
-438
-1
-766
-66
725
-769
100
737
-683
-401
-526
423
913
171
-942
-979
366
512
439
260
795
-76
-645
547
920
-39
448
-191
-240
-776
903
470
212
-965
-52
-889
115
497
599
749
347
762
-157
-373
164
-660
966
-759
-785
477
-614
98
-962
-850
-574
999
-337
-492
-908
505
326
-269
923
-889
786
-336
-175
593
679
965
-554
-80
245
-977
-60
-935
-424
57
149
-108
342
85
-892
988
124
-117
256
-281
-231
-609
122
317
333
-966
-685
-903
-821
4
174
917
-504
-876
29
-811
504
-978
-623
-112
980
-567
751
754
-343
-628
825
813
455
170
301
800
621
-26
-232
-639
-914
812
308
-738
-264
-833
468
-99
983
904
-947
622
-710
630
-664
96
-274
406
-211
-459
986
-304
-934
-222
-163
208
-111
-861
948
71
150
299
-559
594
-859
-502
638
157
-603
658
-656
913
991
569
543
-577
413
491
-123
196
328
-510
-999
856
374
524
-917
-14
217
-679
-356
-744
-771
782
-146
-665
174
-542
-804
496
-817
-774
-950
-642
287
-845
-754
792
80
-550
-17
938
-659
-684
-28
862
196
-187
-290
-927
-473
685
-391
308
-1
388
363
-256
885
-626
287
-662
-595
482
-973
111
-583
361
230
-813
-917
816
-48
-444
-868
664
-923
-363
-303
95
-971
-322
524
761
429
827
42
-816
-869
660
-479
988
-679
451
-737
491
-60
335
-83
-454
929
383
-905
-811
-40
512
64
-790
-715
-349
-653
638
75
407
588
-306
211
-355
341
-406
250
-889
-948
-117
-740
-687
-223
315
-170
598
671
996
931
-185
-152
479
230
-857
-238
-999
852
-360
795
972
604
-900
-415
-880
-831
883
-646
-777
-60
-475
62
-463
-894
47
-822
633
-741
-675
84
969
401
-957
137
317
-375
852
-479
482
82
-147
-195
-921
-735
-431
506
-951
-650
288
799
712
-742
-68
462
288
-714
121
-811
101
-127
925
786
-972
41
-296
-449
67
-636
-668
366
-271
890
-580
-285
-806
-694
872
674
-609
-999
-274
390
956
-878
-953
71
-615
264
584
-653
362
827
901
-64
-164
-206
-999
-786
-136
-421
-900
80
-234
533
-845
-283
918
-203
659
-155
-67
567
-414
-704
-426
462
393
-334
-474
155
-345
-452
-594
-64
-909
-554
578
-849
796
706
-38
-44
-367
141
-389
-428
536
-674
873
-634
-190
-158
194
43
-705
497
-210
-943
-70
381
101
-322
-13
388
242
-43
-88
3
435
33
-186
575
704
-568
807
-303
-940
-578
410
-407
871
-459
797
-139
796
-687
889
569
662
550
328
651
-493
-838
-79
-179
54
-188
-966
-953
-8
248
953
495
869
371
370
-47
58
166
887
-911
-533
-258
-25
-841
914
-306
533
-121
727
-422
298
-977
-763
709
291
-279
-605
534
-784
-48
-794
924
-138
662
-139
-137
-859
-771
734
517
-163
-818
934
-59
910
-136
-678
-792
-932
75
-612
504
220
-119
-746
-19
-547
117
263
607
-187
-469
-31
872
224
700
-20
-995
-376
-305
306
2
56
-880
395
-340
-105
-951
332
-399
226
692
-742
426
-742
911
800
-476
839
-661
-550
635
-71
627
-965
724
855
494
965
405
-924
-546
-491
-702
996
661
-742
-4
242
156
470
-849
759
-655
322
837
-905
759
849
-998
-968
-455
-32
842
431
-845
178
-200
-369
-330
-199
589
188
228
-405
-239
78
910
-64
-310
883
-252
-76
-683
503
703
-677
-482
206
-437
-652
744
320
835
338
-730
564
-494
-518
656
-877
-30
142
-139
-407
-14
-509
-988
-146
715
-964
-444
-455
-932
-339
833
839
-384
-649
420
60
962
468
-908
610
265
-695
368
568
675
-480
578
216
32
562
-857
198
653
698
759
359
241
281
-324
-362
224
821
-812
679
376
-384
446
287
841
606
326
174
237
-863
554
-870
576
921
-21
-733
697
873
-8
-68
888
-102
-5
817
200
725
-757
-231
-45
522
273
-699
-675
844
-895
-372
584
-72
790
-705
785
-159
440
102
-354
519
605
130
-297
-849
-912
-257
956
94
-222
281
525
-407
-314
-712
758
-296
536
-744
-656
849
-607
-268
32
-672
53
682
303
114
658
-982
-546
342
-787
325
148
-750
789
-109
-18
-93
-319
-18
-163
-950
-559
-787
386
17
-966
-47
-323
-998
-507
-546
-616
777
-290
-27
551
975
-110
446
628
690
289
-592
-782
-459
534
-894
-47
-327
-609
902
770
855
937
971
-855
-263
221
220
-232
433
692
273
-611
687
-648
158
-762
-964
-391
669
-766
-885
805
116
634
409
-385
-953
-836
-938
-80
365
-891
-793
-492
-365
-509
-733
953
-42
-743
711
-506
855
178
857
-518
523
926
94
694
251
-644
-308
9
-556
-645
-121
-685
-399
243
438
-301
29
292
857
-617
809
-897
21
289
677
683
-400
436
-630
-880
216
27
151
558
-981
-378
128
-675
364
-283
-925
846
174
-447
-607
742
907
-712
42
4
-37
-644
-676
-388
397
-257
751
99
27
-64
-220
-410
-529
-596
317
-12
-843
-3
238
822
-242
784
405
426
411
-909
781
135
50
-346
-170
-411
-14
164
-822
294
-139
-965
-436
-758
369
-834
975
518
-851
-275
-364
-565
404
-357
291
149
-109
176
161
958
339
-101
-247
604
-81
147
-354
-1000
-23
-304
826
788
-911
-116
-311
-661
-931
-122
-569
63
654
704
787
-992
-559
877
729
162
72
361
764
52
226
20
29
171
694
-1
-332
-552
961
720
-235
-373
352
-125
-707
-619
722
749
266
-644
-459
387
-863
-811
761
-870
777
-169
-353
-16
-403
187
612
-519
-183
-381
301
-210
-664
-531
725
48
804
751
-924
203
-593
-467
401
122
142
-984
-720
-160
-429
929
861
449
88
31
535
-26
-497
736
238
339
-939
190
650
515
843
-370
-257
953
796
240
-542
45
-479
-382
487
-685
158
-349
-107
-635
-80
625
-420
323
734
-865
-365
-431
-515
-999
-463
555
-639
-575
376
-214
517
931
-462
929
465
128
112
-558
562
297
-203
-851
-389
80
4
-280
354
-383
440
990
-425
-857
288
-446
-569
-672
-279
-306
-258
-989
550
576
-121
-584
363
-697
-751
-260
321
883
-464
66
-784
329
-611
-23
-460
-63
-979
-993
356
182
-680
750
786
71
718
514
743
374
998
-784
-775
-154
-885
615
924
346
-96
-766
-449
-145
-457
148
-179
786
796
178
-563
624
-497
-127
480
-273
826
856
-865
112
-798
-404
-220
885
275
-215
730
-504
-31
296
638
819
59
758
310
-138
530
481
477
797
766
928
438
-86
380
-251
495
993
1000
183
157
636
372
392
-752
-196
-624
710
475
-559
-245
216
-756
234
480
347
162
-544
35
-13
-918
-316
784
-880
-754
641
833
410
-517
446
904
-200
-571
424
-733
-663
375
-647
-267
298
-331
307
23
-104
144
-109
-170
527
50
684
-468
-593
828
-834
-715
-758
-359
-52
123
498
226
-692
-767
971
807
394
-616
-218
194
628
427
-379
592
-13
-240
495
-36
288
828
539
447
484
399
546
999
275
-145
318
-152
139
794
133
205
401
364
-381
-594
613
-125
47
956
-38
711
-930
564
44
979
107
-234
-689
-608
659
327
502
858
172
-300
370
-608
-511
585
-532
-60
366
-124
-294
-535
980
161
51
94
824
-4
-39
197
-418
594
281
505
-629
330
145
829
651
631
659
793
-570
171
-1
-950
-606
34
223
-651
-132
-108
81
-180
-790
-657
-210
206
-811
836
-326
-154
-328
392
-852
-30
17
-852
-445
-218
-845
17
-546
-262
106
-445
-918
-765
517
-425
-154
-374
949
347
337
-732
505
-133
-334
422
135
353
-231
825
-162
989
-179
901
-731
875
968
-297
822
-420
-218
-747
-147
-447
-464
447
-68
-794
516
780
-894
-443
168
-837
-769
646
-136
609
-219
222
-154
581
738
672
142
-924
417
-796
-472
3
634
891
219
-495
934
-834
-463
-395
502
637
879
-195
-204
-229
572
-792
840
-442
302
-780
128
-214
-15
-14
-994
20
664
721
-258
129
-216
201
350
943
141
536
-445
18
-283
410
411
-524
291
-629
-747
178
533
799
792
808
-224
531
-783
31
-662
80
834
878
-358
463
955
363
56
-79
-773
655
54
-634
-238
-441
-876
19
277
-94
602
-48
-852
-725
605
-431
807
-477
-504
-349
578
-814
-442
433
-821
-879
528
-913
-927
-505
732
952
-527
643
812
-509
679
-618
450
-170
-243
-977
-67
-382
-438
-444
-549
551
144
603
318
-848
659
-612
-440
-282
-330
252
-301
-537
739
711
126
919
557
-350
656
832
-674
597
-36
-803
-854
440
-272
-398
635
-630
-371
-786
-655
834
-360
-781
-221
-220
-359
683
942
830
539
838
166
-450
714
-198
-146
672
784
-848
-987
886
907
-939
-259
698
228
-82
-964
696
-267
-142
-233
-888
87
752
-537
711
640
979
-906
816
690
-961
518
614
760
395
148
-9
-24
-189
557
414
-538
787
-852
690
-915
-44
-238
-411
746
59
975
115
-439
-64
67
-961
-217
-421
249
461
517
15
-716
-552
665
196
211
-404
927
-274
-78
-47
-16
258
-779
644
249
-476
-957
681
446
-160
-565
13
856
-651
967
77
838
-979
934
-695
405
-150
-44
-179
-690
-343
-533
59
-360
-767
618
-285
-951
-340
987
924
909
-214
-990
123
-55
-812
683
-20
342
-61
-662
-18
-220
631
-454
166
174
796
429
876
-599
948
720
-975
-399
953
-20
266
-61
486
572
-109
22
-23
541
-288
426
-184
349
-934
-908
-326
33
-7
744
207
820
-372
-42
919
761
-430
628
-444
-56
813
-473
-356
712
62
-90
-544
-399
-13
-129
-704
155
-899
417
-446
5
-168
52
-896
657
-666
-481
30
191
449
-484
-828
-594
347
-459
345
204
-717
666
628
205
380
339
292
-372
119
875
-253
-419
-225
-358
909
124
434
175
-597
656
-201
726
-241
-92
104
-386
-872
689
496
-792
856
313
819
515
362
154
-123
18
-616
754
-469
918
216
686
748
-910
-469
145
-988
655
799
-698
539
-557
417
758
948
-882
-104
-656
-110
-803
-518
293
-557
18
551
-485
677
-505
-419
49
842
722
-978
-271
545
1000
486
776
-823
-145
-947
632
-392
997
886
323
127
-453
497
421
493
884
-174
774
-272
494
-696
567
244
-270
-203
611
-347
-198
-563
824
-817
-221
-848
916
-532
364
648
557
-308
588
603
879
-111
-465
964
-476
-88
-504
-745
16
-833
-304
106
-239
338
116
250
549
-841
278
-903
570
512
-663
-508
852
-451
688
102
943
-740
-178
-150
509
826
-355
-315
-496
823
701
-107
98
105
358
408
242
-178
-606
-929
220
948
179
-908
-529
148
-228
594
-682
-35
332
109
-367
-576
256
849
952
-630
-469
-63
851
-974
864
738
-399
-193
-530
-184
-211
387
145
435
-108
-421
-568
691
575
524
825
-424
-374
-211
770
-291
-648
-296
757
-224
1000
-795
-304
548
-636
763
-714
-267
768
315
333
-693
607
-765
-606
248
-601
-641
835
817
-219
295
634
-650
532
185
-576
431
-763
-447
-451
-647
-378
292
-930
-438
-624
781
-693
256
86
-948
674
425
-988
608
469
800
570
887
-222
90
-897
-954
515
262
-734
-838
-743
-217
463
811
-862
-856
418
9
-940
688
120
139
43
-310
-286
-763
523
948
726
64
-127
273
-961
771
-441
-299
-87
245
-233
175
187
680
-670
-276
-724
-658
-760
12
-774
448
-930
969
227
955
-807
56
-117
-448
993
658
12
-898
-995
49
-678
-495
846
111
115
-242
-38
-70
-172
716
995
377
513
809
108
-695
577
-976
812
165
-658
753
-813
-634
-267
-395
-891
-815
-435
193
789
-487
329
-755
836
307
-376
135
-838
210
-744
636
-631
283
-649
949
-151
228
-913
-778
147
517
580
-426
74
206
278
-997
262
501
-889
530
-852
-633
-377
-977
-996
432
-957
223
430
987
705
608
631
-677
968
-684
-37
-506
173
-752
-532
678
-569
-992
-491
-364
-302
-699
-704
445
-223
545
-924
-486
-351
-771
288
-620
-481
-374
-117
-293
-792
635
920
-322
-516
-931
-522
601
-88
600
123
336
124
807
-873
-883
-24
-341
523
-493
-382
-531
-598
-666
-169
-601
-403
-527
-452
541
730
579
382
818
-406
323
-424
-250
823
-324
760
-851
841
-259
-905
178
730
-46
-52
-105
-145
516
932
455
-936
101
-695
390
-290
-968
-493
-80
-581
-589
-471
-541
-736
-641
268
-559
-7
-482
344
425
-875
-297
-560
-827
173
-57
-935
870
-290
-76
80
306
501
620
466
-69
813
-733
-365
-740
-358
282
-842
657
-195
-248
15
460
-1000
95
589
-89
-338
255
369
-251
398
-598
-392
1
-89
-170
89
-122
342
625
942
531
890
265
-942
81
675
-508
-957
-871
637
-326
-629
949
830
793
514
781
-450
-968
57
871
18
93
845
823
-711
599
32
-683
-186
-334
-852
305
-894
755
-303
-1000
-521
-220
-420
755
-2
-647
72
-640
735
-926
-880
449
351
-865
-265
881
993
781
-232
752
-240
-376
82
-7
-22
-323
-566
91
-77
247
-605
-481
-338
-96
-784
306
-419
-343
-310
-772
156
-718
523
-747
281
-879
874
997
4
921
876
-256
22
-814
-114
247
397
716
342
144
-316
193
-207
189
-641
-469
-439
-517
418
473
421
268
671
49
484
475
-919
366
459
-782
-278
217
-346
-800
-204
221
-283
374
-741
-702
-368
634
-343
-557
174
267
660
664
-797
411
71
-152
-559
-850
832
-415
-441
816
-578
333
-494
646
-725
360
-961
444
-177
568
758
990
-315
858
917
679
-752
838
-360