3
4
5
6
7
10
3
5
6
7
22
34
35
2346
2345
34
5
3
23
4
232
34
5
4
-60
904
-856
-926
-168
821
-661
406
-260
-401
904
877
-995
-288
-121
231
522
-309
-122
685
233
208
-46
-303
907
952
-156
-254
175
-555
912
492
312
72
-354
-270
-837
89
-825
987
-266
908
-581
-966
-405
363
-705
-17
-544
-2
-31
978
-466
-904
161
-830
-974
956
596
404
-627
787
857
-931
-459
-636
-450
-166
-880
-103
-774
-886
340
132
-742
-929
10
-6
-118
881
-162
812
495
-645
577
-952
906
-3
-805
221
-74
-537
-942
789
-858
862
-312
649
-201
-914
-370
977
-76
241
224
171
-180
-687
-842
783
848
457
323
-468
-389
703
474
279
-367
309
-102
-599
978
-535
-379
-872
121
827
-428
548
542
560
937
-148
369
854
765
74
459
162
-684
974
-457
743
578
846
-717
506
693
332
-662
-49
-796
-828
-403
-193
-62
-521
904
388
386
-234
364
173
-280
-949
-221
-477
552
438
-928
854
561
-805
-782
-340
72
-491
-64
-616
-851
-451
657
11
-489
-765
945
839
-277
-1000
467
-873
577
-859
-148
-965
242
-490
-64
-426
-866
239
180
-509
-152
-547
619
-951
-970
822
406
380
534
-635
-417
-312
-505
426
464
470
-978
-147
-324
-856
-53
-568
662
-172
850
158
414
160
-366
174
-722
917
-449
218
-223
-176
435
-149
-617
147
-956
24
-821
189
-247
-956
-7
290
-979
-760
-132
-185
522
6
-463
-90
600
-413
-359
-992
-867
564
172
590
548
-628
-98
-173
525
774
608
720
-63
-771
-526
437
-72
520
-925
-793
612
241
336
911
30
-890
-329
476
233
516
-512
-729
434
-952
-266
474
536
141
-719
147
-232
-494
-233
221
-922
794
574
-119
336
-80
-859
250
-702
926
-203
695
-744
-110
487
-851
562
504
-143
-264
123
391
769
-34
936
573
235
462
-603
-838
836
393
-319
265
835
-333
405
992
782
-842
-730
-999
93
-64
-351
567
-252
-914
929
-90
-794
194
687
458
32
-599
-246
956
654
626
-254
338
173
260
682
540
239
-374
204
-445
-878
-651
441
-997
-687
-635
-818
818
373
444
494
-346
320
-665
830
596
-485
336
-433
538
121
532
484
163
870
-74
930
-355
345
250
438
605
576
-952
662
382
784
-257
481
487
-768
450
406
-316
286
-321
190
5
-336
106
-26
-844
-945
-167
-409
-22
-209
148
-78
-639
673
-369
-554
186
-668
-297
839
-636
-811
-633
-369
-557
-806
273
196
929
-507
-104
871
-375
-307
-749
116
349
-166
625
-758
214
-54
-486
749
-326
-669
-173
120
-539
-723
560
-12
-792
-94
-582
-995
-143
309
138
367
-462
486
126
212
-563
664
-443
221
-940
591
234
-422
-512
413
-126
-301
351
471
384
107
-857
-582
-533
-13
351
677
-931
-611
871
59
-504
874
839
751
-220
-417
-471
572
-984
-549
-21
-174
-647
-477
-189
-340
-980
529
-439
-368
-316
499
951
928
-127
178
714
506
182
481
-960
-134
-30
284
-783
492
-662
-969
-416
-604
772
-6
349
-702
-325
980
158
245
-219
127
303
89
-924
-301
-28
-568
-624
15
-495
-699
217
-763
-614
909
393
-332
215
923
515
222
175
491
48
87
-229
-528
54
519
379
726
763
-457
632
-88
648
824
-776
-224
-754
637
-937
209
-316
-96
241
459
-692
180
499
-700
14
-344
-980
223
-46
723
-926
517
265
828
80
-429
88
28
510
939
597
922
-528
611
-952
23
33
-559
-549
-298
164
838
-247
-339
-990
21
-928
-377
914
789
674
-622
272
-561
847
153
-603
-757
-899
-616
-246
-808
497
-838
-907
-738
-60
-463
-600
-695
-695
207
442
456
-295
395
-950
-572
-427
150
236
-27
750
236
512
133
-492
814
387
319
-37
-385
-560
151
-956
-171
-224
715
65
-429
963
975
-565
204
709
627
-892
-399
676
430
-506
42
402
948
-106
-673
418
138
-779
-444
384
100
-998
739
929
573
-539
472
-332
518
-833
-718
-81
78
-880
909
887
280
500
-131
-763
393
469
-825
19
568
896
276
428
873
863
-189
890
181
210
-637
-1000
395
219
-768
695
423
796
297
-380
-358
554
-965
838
-989
-960
-137
675
878
-980
231
-660
676
458
-296
921
911
-249
870
-715
710
-599
141
161
184
-655
-332
-507
-513
-316
922
842
-347
45
-118
-980
-940
778
37
-571
-394
610
-511
-753
48
-900
-521
6
81
353
-646
-967
815
-174
698
481
-436
-340
-512
-925
-569
916
883
33
84
-833
-803
-446
104
-520
229
272
-260
692
27
-415
645
-839
703
-219
-650
-828
-384
566
-842
-211
489
117
-229
-646
48
-189
-661
353
-916
226
314
637
-277
-116
-265
225
-863
-362
119
129
738
-185
-617
-801
97
786
-17
-729
-454
656
-177
451
-411
-528
180
514
951
301
-623
324
827
-519
834
115
49
-639
-179
798
29
-400
962
-280
-870
-143
-597
-684
617
-364
619
771
-488
674
-406
322
511
-902
-426
893
-531
-534
754
957
807
-339
-571
-9
-705
-334
-550
-858
-410
-919
508
327
-895
456
802
-305
-654
665
160
593
746
35
-335
-677
543
-864
304
-521
-689
-415
-754
-41
405
-21
606
132
487
264
-500
130
44
294
871
-483
433
-403
365
512
-593
-493
422
629
-842
-306
879
-997
277
-588
817
-702
112
-128
-783
-922
-855
-596
-429
208
290
869
999
176
557
-857
935
-236