121
3
4
5
6
7
10
3
5
6
7
22
34
35
2346
2345
34
5
3
23
4
232
34
5
4
-60
904
-856
-926
-168
821
-661
406
-260
-401
904
877
-995
-288
-121
231
522
-309
-122
685
233
208
-46
-303
907
952
-156
-254
175
-555
912
492
312
72
-354
-270
-837
89
-825
987
-266
908
-581
-966
-405
363
-705
-17
-544
-2
-31
978
-466
-904
161
-830
-974
956
596
404
-627
787
857
-931
-459
-636
-450
-166
-880
-103
-774
-886
340
132
-742
-929
10
-6
-118
881
-162
812
495
-645
577
-952
906
-3
-805
221
-74
-537
-942
789
-858
862
-312
649
-201
-914
-370
977
-76
241
224
171
-180
-687
-842
783
848
457
323
-468
-389
703
474
279
-367
309
-102
-599
978
-535
-379
-872
121
827
-428
548
542
560
937
-148
369
854
765
74
459
162
-684
974
-457
743
578
846
-717
506
693
332
-662
-49
-796
-828
-403
-193
-62
-521
904
388
386
-234
364
173
-280
-949
-221
-477
552
438
-928
854
561
-805
-782
-340
72
-491
-64
-616
-851
-451
657
11
-489
-765
945
839
-277
-1000
467
-873
577
-859
-148
-965
242
-490
-64
-426
-866
239
180
-509
-152
-547
619
-951
-970
822
406
380
534